708		37605	 37593
709		37593	 37605
23003	37593	 49394
23004	49394	 37593
216323	37607	 37605
732		37605	 37607
728		37607	 37606
727		37606	 37607
16467	37606	 48494
16468	48494	 37606
20481	48494	 37872
20482	37872	 48494
20478	48494	 48492
20477	48492	 48494
734		37606	 37610
733		37610	 37606
24550	49395	 49394
24549	49394	 49395
23005	49395	 37872
23006	37872	 49395
20471	37610	 48492
20472	48492	 37610
24565	48492	 49954
24564	49954	 48492
1085	37605	 37872
1204	37872	 37605
20482	37872	 48494
20481	48494	 37872
24563	49954      48493
24562	48493      49954
20476	48493      37612
20475	37612      48493
738		37610      37612
737		37612      37610