id entry-exit link (1-2 columns), cum rout prob (next colm)
2370	2371		0.08	
2370    	831			0.16	
2370	1206		0.24
2370	1752109		0.32
2370	1752108		0.4
2370	16462		0.48
2370	1201		0.56
2370	217793		0.64
2370	2351		0.72
2370	217802		0.8
2370	1721893		0.88
2370	742			1.00
1497559		2371		0.08	
1497559	    	831			0.16	
1497559		1206		0.24
1497559		1752109		0.32
1497559		1752108		0.4
1497559		16462		0.48
1497559		1201		0.56
1497559		217793		0.64
1497559		2351		0.72
1497559		217802		0.8
1497559		1721893		0.88
1497559		742			1.00
1205	2371		0.08	
1205    	831			0.16	
1205	1206		0.24
1205	1752109		0.32
1205	1752108		0.4
1205	16462		0.48
1205	1201		0.56
1205	217793		0.64
1205	2351		0.72
1205	217802		0.8
1205	1721893		0.88
1205	742			1.00
1752111		2371		0.08	
1752111    	831			0.16	
1752111		1206		0.24
1752111		1752109		0.32
1752111		1752108		0.4
1752111		16462		0.48
1752111		1201		0.56
1752111		217793		0.64
1752111		2351		0.72
1752111		217802		0.8
1752111		1721893		0.88
1752111		742			1.00
1752107		2371		0.08	
1752107    	831			0.16	
1752107		1206		0.24
1752107		1752109		0.32
1752107		1752108		0.4
1752107		16462		0.48
1752107		1201		0.56
1752107		217793		0.64
1752107		2351		0.72
1752107		217802		0.8
1752107		1721893		0.88
1752107		742			1.00
216305	2371		0.08	
216305  	831			0.16	
216305	1206		0.24
216305	1752109		0.32
216305	1752108		0.4
216305	16462		0.48
216305	1201		0.56
216305	217793		0.64
216305	2351		0.72
216305	217802		0.8
216305	1721893		0.88
216305	742			1.00
216440	2371		0.08	
216440  	831			0.16	
216440	1206		0.24
216440	1752109		0.32
216440	1752108		0.4
216440	16462		0.48
216440	1201		0.56
216440	217793		0.64
216440	2351		0.72
216440	217802		0.8
216440	1721893		0.88
216440	742			1.00
217794	2371		0.08	
217794  	831			0.16	
217794	1206		0.24
217794	1752109		0.32
217794	1752108		0.4
217794	16462		0.48
217794	1201		0.56
217794	217793		0.64
217794	2351		0.72
217794	217802		0.8
217794	1721893		0.88
217794	742			1.00
2350	2371		0.08	
2350  	831			0.16	
2350	1206		0.24
2350	1752109		0.32
2350	1752108		0.4
2350	16462		0.48
2350	1201		0.56
2350	217793		0.64
2350	2351		0.72
2350	217802		0.8
2350	1721893		0.88
2350	742			1.00
217801	2371		0.08	
217801  	831			0.16	
217801	1206		0.24
217801	1752109		0.32
217801	1752108		0.4
217801	16462		0.48
217801	1201		0.56
217801	217793		0.64
217801	2351		0.72
217801	217802		0.8
217801	1721893		0.88
217801	742			1.00
1721892		2371		0.08	
1721892  	831			0.16	
1721892		1206		0.24
1721892		1752109		0.32
1721892		1752108		0.4
1721892		16462		0.48
1721892		1201		0.56
1721892		217793		0.64
1721892		2351		0.72
1721892		217802		0.8
1721892		1721893		0.88
1721892		742			1.00
741		2371		0.08	
741  	831			0.16	
741		1206		0.24
741		1752109		0.32
741		1752108		0.4
741		16462		0.48
741		1201		0.56
741		217793		0.64
741		2351		0.72
741		217802		0.8
741		1721893		0.88
741		742			1.00