 id node (1st cllm), stage actuation duration idle time L (next colms),  cycle duration T  (last col)	 
1	13.00	 1.00	13.00	 1.00	13.00	 1.00	13.00	 1.00	 60.00	 
2	13.00	 1.00	13.00	 1.00	13.00	 1.00	13.00	 1.00	 60.00	 
3	13.00	 1.00	13.00	 1.00	13.00	 1.00	13.00	 1.00	 60.00	 
4	13.00	 1.00	13.00	 1.00	13.00	 1.00	13.00	 1.00	 60.00	 
5	13.00	 1.00	13.00	 1.00	13.00	 1.00	13.00	 1.00	 60.00	 
6	13.00	 1.00	13.00	 1.00	13.00	 1.00	13.00	 1.00	 60.00	 
7	13.00	 1.00	13.00	 1.00	13.00	 1.00	13.00	 1.00	 60.00	 
8	13.00	 1.00	13.00	 1.00	13.00	 1.00	13.00	 1.00	 60.00	 
9 	13.00	 1.00	13.00	 1.00	13.00	 1.00	13.00	 1.00	 60.00	 
10	13.00	 1.00	13.00	 1.00	13.00	 1.00	13.00	 1.00	 60.00	 
11	13.00	 1.00	13.00	 1.00	13.00	 1.00	13.00	 1.00	 60.00	 
12	13.00	 1.00	13.00	 1.00	13.00	 1.00	13.00	 1.00	 60.00	 
13	13.00	 1.00	13.00	 1.00	13.00	 1.00	13.00	 1.00	 60.00	
14	13.00	 1.00	13.00	 1.00	13.00	 1.00	13.00	 1.00	 60.00
15	13.00	 1.00	13.00	 1.00	13.00	 1.00	13.00	 1.00	 60.00 
