QUE	 (100071, 200034) 
2.1	 1	 1
3.5	 2	 1
7.9	 3	 1
10.4	 4	 1
11.6	 5	 1
11.6	 6	 1
12.5	 7	 1
14.3	 6	 4
14.5	 5	 4
14.7	 4	 4
14.9	 3	 4
15.1	 2	 4
15.3	 1	 4
15.5	 0	 4
17.1	 1	 1
17.4	 0	 4
18.9	 1	 1
19.2	 0	 4
20.6	 1	 1
20.9	 0	 4
21.8	 1	 1
22.0	 0	 4
25.5	 1	 1
25.8	 0	 4
27.3	 1	 1
27.6	 0	 4
28.3	 1	 1
28.4	 2	 1
28.6	 1	 4
28.8	 0	 4
29.4	 1	 1
29.7	 0	 4
34.0	 1	 1
34.3	 0	 4
34.5	 1	 1
34.8	 0	 4
37.8	 1	 1
38.1	 0	 4
38.6	 1	 1
38.6	 2	 1
38.9	 1	 4
39.1	 0	 4
41.5	 1	 1
41.8	 0	 4
47.9	 1	 1
48.2	 0	 4
50.6	 1	 1
50.8	 2	 1
50.9	 1	 4
51.1	 0	 4
57.2	 1	 1
57.5	 0	 4
59.7	 1	 1
60.0	 0	 4
62.3	 1	 1
62.6	 0	 4
62.9	 1	 1
63.2	 0	 4
65.1	 1	 1
65.4	 0	 4
70.5	 1	 1
70.8	 0	 4
73.1	 1	 1
76.5	 2	 1
77.0	 3	 1
80.4	 4	 1
97.0	 5	 1
99.9	 6	 1
101.3	 7	 1
103.7	 8	 1
105.8	 9	 1
107.1	 10	 1
110.8	 11	 1
116.0	 12	 1
116.5	 13	 1
123.4	 14	 1
124.4	 15	 1
125.6	 16	 1
126.7	 17	 1
127.5	 18	 1
129.5	 19	 1
130.5	 20	 1
134.2	 19	 4
134.3	 18	 4
134.5	 17	 4
134.7	 16	 4
134.8	 15	 4
135.0	 14	 4
135.2	 13	 4
135.3	 12	 4
135.5	 11	 4
135.7	 10	 4
135.8	 9	 4
136.0	 8	 4
136.2	 7	 4
136.3	 6	 4
136.5	 5	 4
136.7	 6	 1
136.7	 5	 4
136.8	 4	 4
137.0	 3	 4
137.2	 2	 4
137.3	 1	 4
137.5	 2	 1
137.5	 1	 4
137.7	 0	 4
142.5	 1	 1
142.7	 0	 4
144.3	 1	 1
144.6	 0	 4
157.5	 1	 1
157.7	 0	 4
160.2	 1	 1
160.5	 0	 4
164.5	 1	 1
164.7	 2	 1
164.7	 1	 4
164.8	 2	 1
165.0	 1	 4
165.2	 0	 4
165.2	 1	 1
165.5	 0	 4
165.7	 1	 1
166.0	 0	 4
167.1	 1	 1
167.3	 0	 4
168.6	 1	 1
168.8	 0	 4
179.5	 1	 1
179.7	 0	 4
184.9	 1	 1
185.2	 0	 4
188.1	 1	 1
188.3	 0	 4
188.8	 1	 1
189.1	 0	 4
193.6	 1	 1
195.5	 2	 1
198.0	 3	 1
200.7	 4	 1
206.4	 5	 1
207.1	 6	 1
207.7	 7	 1
212.0	 8	 1
212.2	 9	 1
212.4	 10	 1
216.0	 11	 1
216.7	 12	 1
218.4	 13	 1
221.0	 14	 1
226.0	 15	 1
237.3	 16	 1
237.7	 17	 1
240.9	 18	 1
244.1	 19	 1
248.4	 20	 1
251.1	 21	 1
251.5	 22	 1
252.4	 23	 1
254.3	 22	 4
254.5	 21	 4
254.7	 20	 4
254.9	 19	 4
254.9	 20	 1
255.1	 19	 4
255.3	 18	 4
255.5	 17	 4
255.7	 16	 4
255.9	 15	 4
256.1	 14	 4
256.3	 13	 4
256.5	 12	 4
256.7	 11	 4
256.7	 12	 1
256.9	 11	 4
257.0	 10	 4
257.2	 9	 4
257.4	 8	 4
257.5	 7	 4
257.7	 6	 4
257.9	 5	 4
258.0	 4	 4
258.2	 3	 4
258.4	 2	 4
258.5	 1	 4
258.7	 0	 4
259.3	 1	 1
259.5	 0	 4
259.7	 1	 1
260.0	 2	 1
260.0	 1	 4
260.3	 0	 4
267.2	 1	 1
267.5	 0	 4
270.7	 1	 1
271.0	 0	 4
275.7	 1	 1
276.0	 0	 4
276.4	 1	 1
276.7	 0	 4
277.5	 1	 1
277.8	 0	 4
278.5	 1	 1
278.8	 0	 4
279.8	 1	 1
279.9	 2	 1
280.0	 1	 4
280.2	 2	 1
280.2	 1	 4
280.5	 0	 4
280.8	 1	 1
281.0	 0	 4
282.8	 1	 1
283.0	 0	 4
284.0	 1	 1
284.3	 0	 4
289.0	 1	 1
289.3	 0	 4
289.6	 1	 1
289.9	 0	 4
292.7	 1	 1
293.0	 0	 4
293.8	 1	 1
294.0	 0	 4
297.5	 1	 1
297.8	 0	 4
310.8	 1	 1
311.0	 0	 4
311.2	 1	 1
314.6	 2	 1
318.7	 3	 1
320.0	 4	 1
320.9	 5	 1
322.5	 6	 1
323.5	 7	 1
324.4	 8	 1
330.1	 9	 1
332.6	 10	 1
334.3	 11	 1
337.4	 12	 1
337.8	 13	 1
338.0	 14	 1
339.3	 15	 1
340.2	 16	 1
342.3	 17	 1
343.4	 18	 1
344.2	 19	 1
345.7	 20	 1
345.7	 21	 1
347.2	 22	 1
349.1	 23	 1
356.2	 24	 1
362.9	 25	 1
364.1	 26	 1
374.3	 25	 4
374.5	 24	 4
374.7	 23	 4
374.9	 22	 4
374.9	 23	 1
375.0	 22	 4
375.2	 21	 4
375.4	 22	 1
375.4	 21	 4
375.5	 20	 4
375.7	 19	 4
375.9	 18	 4
376.0	 17	 4
376.2	 16	 4
376.4	 15	 4
376.5	 14	 4
376.7	 13	 4
376.9	 12	 4
377.0	 11	 4
377.2	 10	 4
377.4	 9	 4
377.5	 8	 4
377.7	 7	 4
377.9	 6	 4
378.0	 5	 4
378.1	 6	 1
378.2	 5	 4
378.4	 4	 4
378.5	 3	 4
378.7	 2	 4
378.9	 1	 4
379.0	 0	 4
379.4	 1	 1
379.7	 0	 4
382.7	 1	 1
383.0	 0	 4
384.1	 1	 1
384.4	 0	 4
384.9	 1	 1
385.2	 0	 4
386.2	 1	 1
386.5	 0	 4
387.5	 1	 1
387.8	 0	 4
392.7	 1	 1
393.0	 0	 4
394.4	 1	 1
394.7	 0	 4
395.6	 1	 1
395.9	 0	 4
396.6	 1	 1
396.9	 0	 4
407.0	 1	 1
407.3	 0	 4
413.0	 1	 1
413.3	 0	 4
414.0	 1	 1
414.3	 0	 4
417.5	 1	 1
417.8	 0	 4
420.4	 1	 1
420.7	 0	 4
423.9	 1	 1
424.2	 2	 1
424.2	 1	 4
424.5	 0	 4
428.1	 1	 1
428.2	 2	 1
428.4	 1	 4
428.6	 0	 4
437.8	 1	 1
438.2	 2	 1
439.7	 3	 1
440.4	 4	 1
445.0	 5	 1
448.5	 6	 1
448.7	 7	 1
448.8	 8	 1
449.1	 9	 1
453.5	 10	 1
454.6	 11	 1
454.8	 12	 1
458.3	 13	 1
458.9	 14	 1
463.2	 15	 1
463.8	 16	 1
464.1	 17	 1
467.4	 18	 1
469.9	 19	 1
474.9	 20	 1
479.6	 21	 1
481.0	 22	 1
482.0	 23	 1
485.2	 24	 1
485.9	 25	 1
486.2	 26	 1
489.1	 27	 1
491.4	 28	 1
493.8	 29	 1
494.3	 28	 4
494.5	 27	 4
494.7	 26	 4
494.9	 25	 4
495.1	 24	 4
495.3	 25	 1
495.3	 24	 4
495.5	 23	 4
495.7	 22	 4
495.9	 21	 4
496.1	 20	 4
496.3	 19	 4
496.5	 18	 4
496.7	 17	 4
496.9	 18	 1
496.9	 17	 4
497.1	 16	 4
497.3	 15	 4
497.5	 14	 4
497.7	 13	 4
497.9	 12	 4
498.0	 13	 1
498.1	 12	 4
498.3	 13	 1
498.3	 12	 4
498.5	 11	 4
498.7	 10	 4
498.9	 9	 4
499.1	 8	 4
499.3	 7	 4
499.5	 6	 4
499.7	 5	 4
499.9	 4	 4
500.1	 3	 4
500.3	 2	 4
500.5	 1	 4
500.7	 0	 4
505.2	 1	 1
505.5	 0	 4
505.6	 1	 1
505.9	 0	 4
506.4	 1	 1
506.5	 2	 1
506.7	 1	 4
506.9	 0	 4
512.6	 1	 1
512.9	 0	 4
513.0	 1	 1
513.3	 0	 4
513.5	 1	 1
513.8	 0	 4
514.9	 1	 1
515.2	 0	 4
517.6	 1	 1
517.9	 2	 1
517.9	 1	 4
518.2	 0	 4
518.9	 1	 1
519.1	 2	 1
519.2	 1	 4
519.4	 0	 4
520.5	 1	 1
520.8	 0	 4
528.2	 1	 1
528.5	 0	 4
530.4	 1	 1
530.7	 0	 4
531.8	 1	 1
532.1	 0	 4
534.6	 1	 1
534.9	 0	 4
535.7	 1	 1
536.0	 0	 4
536.9	 1	 1
537.2	 0	 4
537.3	 1	 1
537.6	 0	 4
542.2	 1	 1
542.5	 0	 4
546.7	 1	 1
547.0	 0	 4
548.2	 1	 1
548.3	 2	 1
548.5	 1	 4
548.7	 0	 4
549.0	 1	 1
549.3	 0	 4
549.4	 1	 1
549.7	 0	 4
550.7	 1	 1
551.0	 0	 4
554.6	 1	 1
554.7	 2	 1
554.9	 3	 1
557.8	 4	 1
559.3	 5	 1
560.4	 6	 1
561.2	 7	 1
561.2	 8	 1
564.5	 9	 1
567.5	 10	 1
569.3	 11	 1
570.3	 12	 1
571.4	 13	 1
572.3	 14	 1
576.8	 15	 1
581.3	 16	 1
587.8	 17	 1
588.8	 18	 1
591.0	 19	 1
591.0	 20	 1
592.5	 21	 1
599.1	 22	 1
601.3	 23	 1
602.9	 24	 1
605.6	 25	 1
607.1	 26	 1
607.1	 27	 1
608.6	 28	 1
608.9	 29	 1
609.1	 30	 1
610.4	 31	 1
610.9	 32	 1
612.3	 33	 1
614.3	 32	 4
614.5	 31	 4
614.7	 30	 4
614.9	 29	 4
615.1	 28	 4
615.2	 29	 1
615.3	 28	 4
615.3	 29	 1
615.3	 30	 1
615.5	 29	 4
615.7	 28	 4
615.9	 27	 4
616.1	 26	 4
616.3	 25	 4
616.5	 24	 4
616.7	 23	 4
616.9	 22	 4
617.1	 21	 4
617.3	 20	 4
617.5	 19	 4
617.7	 18	 4
617.9	 17	 4
618.1	 16	 4
618.2	 17	 1
618.3	 16	 4
618.5	 15	 4
618.7	 14	 4
618.9	 13	 4
619.1	 12	 4
619.3	 11	 4
619.5	 10	 4
619.7	 9	 4
619.9	 8	 4
620.1	 7	 4
620.3	 6	 4
620.5	 5	 4
620.7	 4	 4
620.8	 5	 1
620.9	 4	 4
621.1	 3	 4
621.3	 2	 4
621.5	 1	 4
621.7	 0	 4
624.2	 1	 1
624.5	 0	 4
631.3	 1	 1
631.6	 0	 4
632.8	 1	 1
633.1	 0	 4
634.5	 1	 1
634.8	 0	 4
636.3	 1	 1
636.6	 0	 4
637.4	 1	 1
637.7	 0	 4
643.1	 1	 1
643.4	 0	 4
643.8	 1	 1
643.9	 2	 1
644.1	 1	 4
644.3	 0	 4
644.6	 1	 1
644.9	 0	 4
645.2	 1	 1
645.5	 0	 4
648.3	 1	 1
648.6	 0	 4
649.2	 1	 1
649.5	 0	 4
650.8	 1	 1
651.1	 0	 4
653.6	 1	 1
653.9	 0	 4
662.1	 1	 1
662.1	 2	 1
662.4	 1	 4
662.6	 0	 4
663.4	 1	 1
663.7	 0	 4
668.0	 1	 1
668.3	 0	 4
668.3	 1	 1
668.4	 2	 1
668.6	 1	 4
668.8	 0	 4
669.3	 1	 1
669.6	 0	 4
673.3	 1	 1
674.7	 2	 1
675.4	 3	 1
675.6	 4	 1
681.6	 5	 1
682.6	 6	 1
685.5	 7	 1
695.9	 8	 1
698.4	 9	 1
701.0	 10	 1
701.6	 11	 1
703.4	 12	 1
707.3	 13	 1
709.5	 14	 1
712.7	 15	 1
713.2	 16	 1
714.3	 17	 1
715.7	 18	 1
718.0	 19	 1
718.9	 20	 1
719.5	 21	 1
720.8	 22	 1
723.5	 23	 1
725.4	 24	 1
725.9	 25	 1
727.4	 26	 1
727.6	 27	 1
728.7	 28	 1
729.1	 29	 1
734.3	 28	 4
734.5	 27	 4
734.7	 26	 4
734.9	 25	 4
735.1	 24	 4
735.3	 23	 4
735.5	 24	 1
735.5	 23	 4
735.7	 22	 4
735.9	 21	 4
736.1	 20	 4
736.3	 19	 4
736.5	 18	 4
736.7	 17	 4
736.9	 16	 4
737.1	 15	 4
737.3	 14	 4
737.5	 13	 4
737.7	 12	 4
737.9	 11	 4
738.0	 12	 1
738.1	 11	 4
738.2	 12	 1
738.3	 11	 4
738.5	 10	 4
738.7	 9	 4
738.9	 10	 1
738.9	 9	 4
739.1	 8	 4
739.3	 7	 4
739.5	 6	 4
739.7	 7	 1
739.7	 6	 4
739.9	 5	 4
740.0	 6	 1
740.1	 5	 4
740.3	 4	 4
740.5	 3	 4
740.7	 2	 4
740.9	 1	 4
741.1	 0	 4
745.7	 1	 1
746.0	 0	 4
754.4	 1	 1
754.7	 0	 4
754.9	 1	 1
755.2	 0	 4
759.1	 1	 1
759.4	 0	 4
762.1	 1	 1
762.4	 0	 4
763.4	 1	 1
763.7	 0	 4
767.6	 1	 1
767.9	 0	 4
768.2	 1	 1
768.5	 0	 4
769.9	 1	 1
770.2	 0	 4
770.5	 1	 1
770.8	 0	 4
772.4	 1	 1
772.7	 0	 4
775.7	 1	 1
776.0	 0	 4
776.3	 1	 1
776.6	 0	 4
779.6	 1	 1
779.9	 0	 4
780.2	 1	 1
780.5	 2	 1
780.5	 1	 4
780.8	 0	 4
784.1	 1	 1
784.2	 2	 1
784.4	 1	 4
784.6	 0	 4
784.8	 1	 1
785.1	 0	 4
787.2	 1	 1
787.5	 0	 4
787.9	 1	 1
788.2	 0	 4
789.9	 1	 1
790.0	 2	 1
790.2	 1	 4
790.4	 0	 4
792.5	 1	 1
795.3	 2	 1
796.0	 3	 1
796.1	 4	 1
796.4	 5	 1
799.0	 6	 1
799.3	 7	 1
801.3	 8	 1
809.0	 9	 1
812.5	 10	 1
816.0	 11	 1
816.0	 12	 1
817.6	 13	 1
818.6	 14	 1
819.9	 15	 1
820.2	 16	 1
820.3	 17	 1
821.2	 18	 1
823.1	 19	 1
823.5	 20	 1
824.2	 21	 1
824.7	 22	 1
825.1	 23	 1
825.7	 24	 1
829.6	 25	 1
830.9	 26	 1
832.7	 27	 1
833.8	 28	 1
837.1	 29	 1
837.8	 30	 1
839.6	 31	 1
841.7	 32	 1
842.7	 33	 1
843.9	 34	 1
844.0	 35	 1
847.4	 36	 1
851.8	 37	 1
854.1	 38	 1
854.3	 37	 4
854.5	 36	 4
854.7	 35	 4
854.9	 34	 4
855.1	 33	 4
855.3	 32	 4
855.5	 31	 4
855.7	 30	 4
855.9	 29	 4
856.1	 28	 4
856.3	 27	 4
856.5	 26	 4
856.7	 25	 4
856.9	 24	 4
857.1	 23	 4
857.3	 22	 4
857.5	 21	 4
857.7	 20	 4
857.9	 19	 4
858.1	 18	 4
858.3	 17	 4
858.5	 16	 4
858.7	 15	 4
858.9	 14	 4
859.1	 13	 4
859.3	 12	 4
859.5	 11	 4
859.7	 10	 4
859.9	 9	 4
860.1	 8	 4
860.3	 7	 4
860.5	 6	 4
860.7	 5	 4
860.9	 4	 4
861.1	 3	 4
861.2	 4	 1
861.3	 3	 4
861.5	 2	 4
861.7	 1	 4
861.9	 0	 4
862.9	 1	 1
863.2	 0	 4
863.3	 1	 1
863.6	 0	 4
865.3	 1	 1
865.6	 0	 4
869.1	 1	 1
869.4	 0	 4
871.1	 1	 1
871.4	 0	 4
876.0	 1	 1
876.3	 0	 4
877.0	 1	 1
877.3	 0	 4
877.5	 1	 1
877.8	 0	 4
878.2	 1	 1
878.5	 0	 4
880.0	 1	 1
880.3	 0	 4
882.4	 1	 1
882.7	 0	 4
886.7	 1	 1
887.0	 0	 4
892.1	 1	 1
892.4	 0	 4
892.5	 1	 1
892.8	 2	 1
892.8	 1	 4
892.9	 2	 1
893.1	 3	 1
893.1	 2	 4
893.3	 1	 4
893.5	 0	 4
893.7	 1	 1
894.0	 0	 4
899.4	 1	 1
899.7	 0	 4
901.4	 1	 1
901.7	 0	 4
902.1	 1	 1
902.4	 0	 4
904.1	 1	 1
904.4	 0	 4
904.6	 1	 1
904.9	 0	 4
906.4	 1	 1
906.7	 0	 4
906.9	 1	 1
907.2	 0	 4
908.7	 1	 1
909.0	 0	 4
909.7	 1	 1
910.0	 0	 4
912.0	 1	 1
912.5	 2	 1
915.7	 3	 1
917.7	 4	 1
920.3	 5	 1
920.6	 6	 1
922.4	 7	 1
925.7	 8	 1
927.3	 9	 1
927.8	 10	 1
929.9	 11	 1
933.3	 12	 1
933.5	 13	 1
942.8	 14	 1
945.5	 15	 1
946.5	 16	 1
947.4	 17	 1
948.3	 18	 1
949.1	 19	 1
950.1	 20	 1
950.2	 21	 1
951.1	 22	 1
951.8	 23	 1
951.9	 24	 1
953.6	 25	 1
954.8	 26	 1
957.5	 27	 1
957.5	 28	 1
959.0	 29	 1
960.4	 30	 1
963.5	 31	 1
965.7	 32	 1
972.8	 33	 1
973.1	 34	 1
974.2	 35	 1
974.2	 36	 1
974.3	 35	 4
974.5	 34	 4
974.7	 33	 4
974.9	 32	 4
975.1	 31	 4
975.3	 30	 4
975.5	 29	 4
975.7	 28	 4
975.9	 27	 4
976.1	 26	 4
976.3	 25	 4
976.5	 24	 4
976.6	 25	 1
976.7	 24	 4
976.9	 23	 4
977.1	 22	 4
977.3	 23	 1
977.3	 22	 4
977.5	 21	 4
977.7	 20	 4
977.9	 19	 4
978.1	 18	 4
978.3	 17	 4
978.5	 16	 4
978.7	 15	 4
978.9	 14	 4
979.1	 13	 4
979.3	 12	 4
979.5	 11	 4
979.7	 10	 4
979.9	 9	 4
980.1	 8	 4
980.3	 7	 4
980.5	 6	 4
980.7	 5	 4
980.9	 4	 4
981.0	 5	 1
981.1	 4	 4
981.3	 3	 4
981.5	 4	 1
981.5	 3	 4
981.7	 2	 4
981.9	 1	 4
982.1	 0	 4
982.5	 1	 1
982.8	 0	 4
986.3	 1	 1
986.6	 0	 4
987.9	 1	 1
988.2	 0	 4
988.7	 1	 1
989.0	 0	 4
989.5	 1	 1
989.8	 0	 4
991.9	 1	 1
992.2	 0	 4
994.2	 1	 1
994.5	 0	 4
995.5	 1	 1
995.7	 2	 1
995.8	 1	 4
996.0	 2	 1
996.0	 1	 4
996.3	 2	 1
996.3	 1	 4
996.6	 0	 4
997.8	 1	 1
998.1	 0	 4
999.5	 1	 1
999.8	 0	 4
1003.0	 1	 1
1003.3	 0	 4
1005.8	 1	 1
1005.9	 2	 1
1006.1	 1	 4
1006.3	 0	 4
1010.0	 1	 1
1010.3	 0	 4
1011.5	 1	 1
1011.8	 0	 4
1011.9	 1	 1
1012.2	 0	 4
1013.2	 1	 1
1013.5	 0	 4
1014.9	 1	 1
1015.1	 2	 1
1015.2	 1	 4
1015.4	 0	 4
1023.4	 1	 1
1023.6	 2	 1
1023.7	 1	 4
1023.9	 0	 4
1024.6	 1	 1
1024.9	 0	 4
1031.0	 1	 1
1031.1	 0	 4
1031.7	 1	 1
1036.7	 2	 1
1037.6	 3	 1
1037.6	 4	 1
1038.7	 5	 1
1043.5	 6	 1
1044.3	 7	 1
1044.9	 8	 1
1048.8	 9	 1
1054.0	 10	 1
1054.2	 11	 1
1060.4	 12	 1
1062.2	 13	 1
1063.6	 14	 1
1067.6	 15	 1
1068.8	 16	 1
1069.7	 17	 1
1070.7	 18	 1
1071.2	 19	 1
1072.4	 20	 1
1074.7	 21	 1
1075.4	 22	 1
1076.1	 23	 1
1076.5	 24	 1
1079.2	 25	 1
1082.7	 26	 1
1083.8	 27	 1
1085.6	 28	 1
1091.5	 29	 1
1094.3	 28	 4
1094.5	 27	 4
1094.5	 28	 1
1094.7	 27	 4
1094.9	 26	 4
1095.1	 25	 4
1095.2	 26	 1
1095.3	 25	 4
1095.5	 24	 4
1095.7	 25	 1
1095.7	 24	 4
1095.9	 23	 4
1096.1	 22	 4
1096.3	 21	 4
1096.5	 22	 1
1096.5	 21	 4
1096.7	 20	 4
1096.9	 19	 4
1097.1	 18	 4
1097.3	 17	 4
1097.5	 16	 4
1097.7	 15	 4
1097.9	 14	 4
1098.1	 13	 4
1098.3	 12	 4
1098.5	 11	 4
1098.7	 10	 4
1098.9	 9	 4
1099.1	 8	 4
1099.3	 7	 4
1099.5	 6	 4
1099.7	 5	 4
1099.9	 4	 4
1100.1	 3	 4
1100.3	 2	 4
1100.5	 1	 4
1100.7	 0	 4
1102.1	 1	 1
1102.4	 0	 4
1105.4	 1	 1
1105.5	 2	 1
1105.7	 1	 4
1105.9	 2	 1
1105.9	 1	 4
1106.2	 0	 4
1107.1	 1	 1
1107.4	 0	 4
1108.3	 1	 1
1108.6	 0	 4
1108.9	 1	 1
1109.2	 0	 4
1112.2	 1	 1
1112.5	 0	 4
1112.7	 1	 1
1113.0	 0	 4
1113.8	 1	 1
1114.0	 2	 1
1114.1	 1	 4
1114.2	 2	 1
1114.3	 1	 4
1114.5	 0	 4
1122.1	 1	 1
1122.4	 0	 4
1123.0	 1	 1
1123.3	 0	 4
1124.7	 1	 1
1125.0	 0	 4
1127.2	 1	 1
1127.5	 0	 4
1127.6	 1	 1
1127.9	 0	 4
1128.1	 1	 1
1128.4	 0	 4
1128.8	 1	 1
1129.1	 0	 4
1132.1	 1	 1
1132.4	 0	 4
1133.4	 1	 1
1133.7	 2	 1
1133.7	 1	 4
1134.0	 0	 4
1134.7	 1	 1
1135.0	 0	 4
1135.5	 1	 1
1135.8	 0	 4
1138.6	 1	 1
1138.8	 2	 1
1138.9	 1	 4
1139.1	 0	 4
1141.6	 1	 1
1141.9	 0	 4
1144.6	 1	 1
1144.9	 0	 4
1149.6	 1	 1
1149.9	 0	 4
1150.1	 1	 1
1150.4	 0	 4
1156.7	 1	 1
1159.3	 2	 1
1160.0	 3	 1
1161.8	 4	 1
1162.8	 5	 1
1167.3	 6	 1
1167.5	 7	 1
1168.6	 8	 1
1171.9	 9	 1
1172.5	 10	 1
1174.9	 11	 1
1175.6	 12	 1
1178.9	 13	 1
1183.7	 14	 1
1187.0	 15	 1
1189.9	 16	 1
1190.0	 17	 1
1192.9	 18	 1
1193.3	 19	 1
1195.0	 20	 1
1197.8	 21	 1
1198.0	 22	 1
1199.9	 23	 1
