QUE	 (10003, 10008) 
28.4	 1	 5
28.7	 0	 4
50.0	 1	 5
50.2	 2	 5
50.3	 1	 4
50.4	 2	 5
50.5	 1	 4
50.6	 2	 5
50.7	 1	 4
50.8	 2	 5
50.9	 1	 4
51.0	 2	 5
51.1	 1	 4
51.3	 0	 4
64.5	 1	 5
64.8	 0	 4
71.3	 1	 5
71.6	 0	 4
77.6	 1	 5
77.8	 2	 5
77.9	 1	 4
78.0	 2	 5
78.1	 1	 4
78.2	 2	 5
78.4	 3	 5
83.1	 4	 5
88.4	 5	 5
92.5	 6	 5
105.5	 7	 5
120.0	 8	 5
120.2	 9	 5
120.4	 10	 5
120.6	 11	 5
122.3	 10	 4
122.5	 9	 4
122.7	 8	 4
122.9	 7	 4
123.1	 6	 4
123.3	 5	 4
123.5	 4	 4
123.7	 3	 4
123.9	 2	 4
124.1	 1	 4
124.3	 0	 4
141.2	 1	 5
141.5	 0	 4
147.5	 1	 5
147.7	 0	 4
147.9	 1	 5
148.2	 0	 4
148.2	 1	 5
148.4	 2	 5
148.5	 1	 4
148.5	 2	 5
148.7	 1	 4
148.8	 0	 4
148.8	 1	 5
149.1	 0	 4
151.3	 1	 5
151.6	 0	 4
154.5	 1	 5
154.7	 0	 4
156.8	 1	 5
157.1	 0	 4
159.9	 1	 5
160.2	 0	 4
189.9	 1	 5
190.0	 2	 5
190.2	 1	 4
190.2	 2	 5
190.3	 1	 4
190.4	 2	 5
190.5	 1	 4
190.5	 2	 5
190.7	 1	 4
190.7	 2	 5
190.8	 1	 4
190.9	 2	 5
191.0	 1	 4
191.0	 2	 5
191.2	 1	 4
191.3	 0	 4
198.4	 1	 5
209.0	 2	 5
212.4	 3	 5
217.6	 4	 5
217.8	 5	 5
218.0	 6	 5
218.2	 7	 5
218.4	 8	 5
218.6	 9	 5
219.1	 10	 5
220.8	 11	 5
223.4	 12	 5
230.0	 13	 5
232.5	 14	 5
242.3	 13	 4
242.5	 12	 4
242.7	 11	 4
242.9	 10	 4
243.1	 9	 4
243.3	 8	 4
243.5	 7	 4
243.7	 6	 4
243.9	 5	 4
244.1	 4	 4
244.3	 3	 4
244.5	 2	 4
244.7	 1	 4
244.9	 0	 4
260.0	 1	 5
260.2	 2	 5
260.3	 1	 4
260.4	 2	 5
260.5	 1	 4
260.6	 2	 5
260.7	 1	 4
260.8	 2	 5
260.9	 1	 4
261.0	 0	 4
261.0	 1	 5
261.2	 2	 5
261.3	 1	 4
261.4	 2	 5
261.5	 1	 4
261.7	 0	 4
261.8	 1	 5
262.0	 0	 4
269.2	 1	 5
269.5	 0	 4
280.0	 1	 5
280.3	 0	 4
287.6	 1	 5
287.7	 2	 5
287.9	 1	 4
288.0	 2	 5
288.0	 1	 4
288.2	 2	 5
288.3	 1	 4
288.4	 2	 5
288.5	 1	 4
288.7	 0	 4
290.2	 1	 5
290.5	 0	 4
291.7	 1	 5
292.0	 0	 4
294.7	 1	 5
295.0	 0	 4
300.0	 1	 5
300.3	 0	 4
319.1	 1	 5
330.0	 2	 5
330.2	 3	 5
330.6	 4	 5
330.7	 5	 5
330.9	 6	 5
331.1	 7	 5
341.6	 8	 5
357.1	 9	 5
357.6	 10	 5
357.7	 11	 5
358.0	 12	 5
358.2	 13	 5
358.4	 14	 5
358.6	 15	 5
358.9	 16	 5
359.1	 17	 5
359.2	 18	 5
359.4	 19	 5
359.6	 20	 5
362.3	 19	 4
362.5	 18	 4
362.7	 17	 4
362.9	 16	 4
363.0	 15	 4
363.2	 14	 4
363.4	 13	 4
363.5	 12	 4
363.7	 11	 4
363.9	 10	 4
364.0	 9	 4
364.2	 8	 4
364.4	 7	 4
364.5	 6	 4
364.7	 5	 4
364.9	 4	 4
365.0	 3	 4
365.2	 2	 4
365.4	 1	 4
365.5	 0	 4
366.5	 1	 5
366.8	 0	 4
400.0	 1	 5
400.3	 0	 4
400.4	 1	 5
400.6	 2	 5
400.7	 3	 5
400.7	 2	 4
400.9	 3	 5
400.9	 2	 4
401.0	 1	 4
401.1	 2	 5
401.2	 3	 5
401.2	 2	 4
401.4	 1	 4
401.5	 0	 4
401.6	 1	 5
401.7	 2	 5
401.9	 3	 5
401.9	 2	 4
402.0	 1	 4
402.2	 0	 4
409.1	 1	 5
409.4	 0	 4
420.1	 1	 5
420.4	 0	 4
421.2	 1	 5
421.5	 0	 4
424.3	 1	 5
424.6	 0	 4
427.6	 1	 5
427.9	 0	 4
440.0	 1	 5
448.7	 2	 5
468.1	 3	 5
470.0	 4	 5
470.4	 5	 5
470.6	 6	 5
470.8	 7	 5
471.0	 8	 5
471.2	 9	 5
471.4	 10	 5
471.6	 11	 5
471.8	 12	 5
472.0	 13	 5
482.3	 12	 4
482.5	 11	 4
482.7	 10	 4
482.9	 9	 4
483.1	 8	 4
483.3	 7	 4
483.5	 6	 4
483.7	 5	 4
483.9	 4	 4
484.1	 3	 4
484.3	 2	 4
484.5	 1	 4
484.7	 0	 4
487.1	 1	 5
487.4	 0	 4
497.8	 1	 5
498.0	 2	 5
498.1	 1	 4
498.2	 2	 5
498.3	 1	 4
498.4	 2	 5
498.5	 1	 4
498.6	 2	 5
498.7	 1	 4
498.8	 2	 5
498.9	 1	 4
499.0	 2	 5
499.1	 1	 4
499.3	 0	 4
499.8	 1	 5
500.1	 0	 4
501.5	 1	 5
501.8	 0	 4
504.3	 1	 5
504.6	 0	 4
505.6	 1	 5
505.9	 0	 4
506.4	 1	 5
506.7	 0	 4
507.0	 1	 5
507.3	 0	 4
507.8	 1	 5
508.1	 0	 4
530.2	 1	 5
530.5	 0	 4
540.0	 1	 5
540.2	 2	 5
540.3	 1	 4
540.4	 2	 5
540.5	 1	 4
540.6	 2	 5
540.7	 1	 4
540.8	 2	 5
540.9	 1	 4
541.0	 2	 5
541.1	 1	 4
541.2	 2	 5
541.3	 1	 4
541.5	 0	 4
546.8	 1	 5
547.1	 0	 4
563.6	 1	 5
566.3	 2	 5
567.6	 3	 5
568.0	 4	 5
568.2	 5	 5
568.4	 6	 5
568.6	 7	 5
568.8	 8	 5
569.0	 9	 5
570.2	 10	 5
577.7	 11	 5
580.0	 12	 5
602.3	 11	 4
602.5	 10	 4
602.7	 9	 4
602.9	 8	 4
603.1	 7	 4
603.3	 6	 4
603.5	 5	 4
603.7	 4	 4
603.9	 3	 4
604.1	 2	 4
604.3	 1	 4
604.5	 0	 4
606.2	 1	 5
606.5	 0	 4
610.0	 1	 5
610.2	 2	 5
610.3	 1	 4
610.5	 0	 4
610.6	 1	 5
610.8	 2	 5
610.9	 1	 4
611.0	 2	 5
611.1	 1	 4
611.2	 2	 5
611.3	 1	 4
611.4	 2	 5
611.5	 1	 4
611.7	 0	 4
611.8	 1	 5
612.0	 2	 5
612.1	 1	 4
612.3	 0	 4
628.6	 1	 5
628.9	 0	 4
632.0	 1	 5
632.3	 0	 4
632.8	 1	 5
633.1	 0	 4
637.6	 1	 5
637.9	 0	 4
638.0	 1	 5
638.2	 2	 5
638.3	 1	 4
638.4	 2	 5
638.5	 1	 4
638.7	 0	 4
638.8	 1	 5
639.1	 0	 4
641.3	 1	 5
641.6	 0	 4
648.6	 1	 5
648.9	 0	 4
650.0	 1	 5
650.3	 0	 4
655.1	 1	 5
655.4	 0	 4
680.2	 1	 5
680.6	 2	 5
680.8	 3	 5
681.0	 4	 5
681.2	 5	 5
681.4	 6	 5
681.6	 7	 5
700.8	 8	 5
707.6	 9	 5
707.8	 10	 5
708.0	 11	 5
708.8	 12	 5
709.6	 13	 5
718.0	 14	 5
720.0	 15	 5
722.3	 14	 4
722.5	 13	 4
722.7	 12	 4
722.9	 11	 4
723.1	 10	 4
723.3	 9	 4
723.5	 8	 4
723.7	 7	 4
723.9	 6	 4
724.1	 5	 4
724.3	 4	 4
724.5	 3	 4
724.7	 2	 4
724.9	 1	 4
725.1	 0	 4
732.2	 1	 5
732.5	 0	 4
742.5	 1	 5
742.8	 0	 4
750.0	 1	 5
750.2	 2	 5
750.3	 1	 4
750.5	 0	 4
750.6	 1	 5
750.8	 2	 5
750.9	 1	 4
751.0	 2	 5
751.1	 1	 4
751.3	 0	 4
751.6	 1	 5
751.8	 2	 5
751.9	 1	 4
752.1	 0	 4
753.9	 1	 5
754.2	 0	 4
764.9	 1	 5
765.2	 0	 4
772.8	 1	 5
773.1	 0	 4
777.6	 1	 5
777.8	 2	 5
777.9	 1	 4
778.0	 2	 5
778.1	 1	 4
778.2	 2	 5
778.3	 1	 4
778.4	 2	 5
778.5	 1	 4
778.6	 2	 5
778.7	 1	 4
778.9	 0	 4
783.7	 1	 5
784.0	 0	 4
785.0	 1	 5
785.3	 0	 4
790.0	 1	 5
790.3	 0	 4
792.8	 1	 5
793.1	 0	 4
820.0	 1	 5
820.2	 2	 5
820.4	 3	 5
820.6	 4	 5
820.8	 5	 5
821.0	 6	 5
821.2	 7	 5
821.4	 8	 5
821.6	 9	 5
824.6	 10	 5
842.3	 9	 4
842.5	 8	 4
842.7	 7	 4
842.9	 6	 4
843.1	 5	 4
843.3	 4	 4
843.5	 3	 4
843.7	 2	 4
843.9	 1	 4
844.1	 0	 4
847.6	 1	 5
847.8	 2	 5
847.9	 1	 4
848.0	 2	 5
848.1	 1	 4
848.2	 2	 5
848.3	 1	 4
848.5	 0	 4
849.5	 1	 5
849.8	 0	 4
851.4	 1	 5
851.7	 0	 4
852.2	 1	 5
852.5	 0	 4
858.5	 1	 5
858.8	 0	 4
860.0	 1	 5
860.2	 2	 5
860.3	 1	 4
860.4	 2	 5
860.5	 1	 4
860.6	 2	 5
860.7	 1	 4
860.8	 2	 5
860.9	 1	 4
861.1	 0	 4
867.3	 1	 5
867.6	 0	 4
890.0	 1	 5
890.2	 2	 5
890.3	 1	 4
890.4	 2	 5
890.5	 1	 4
890.6	 2	 5
890.7	 1	 4
890.8	 2	 5
890.9	 1	 4
891.0	 2	 5
891.1	 1	 4
891.3	 0	 4
917.6	 1	 5
917.8	 2	 5
917.9	 1	 4
918.0	 2	 5
918.1	 1	 4
918.1	 0	 4
918.4	 1	 5
919.7	 2	 5
920.9	 3	 5
930.0	 4	 5
960.0	 5	 5
960.2	 6	 5
960.4	 7	 5
961.0	 8	 5
961.2	 9	 5
962.3	 8	 4
962.5	 7	 4
962.7	 6	 4
962.9	 5	 4
963.1	 4	 4
963.3	 3	 4
963.5	 2	 4
963.7	 1	 4
963.9	 0	 4
981.5	 1	 5
981.8	 0	 4
982.4	 1	 5
982.7	 0	 4
987.7	 1	 5
988.0	 0	 4
988.2	 1	 5
988.4	 2	 5
988.5	 1	 4
988.6	 2	 5
988.7	 1	 4
988.9	 0	 4
997.8	 1	 5
998.1	 0	 4
1030.0	 1	 5
1030.2	 2	 5
1030.3	 1	 4
1030.4	 2	 5
1030.5	 1	 4
1030.6	 2	 5
1030.7	 1	 4
1030.8	 2	 5
1030.9	 1	 4
1031.0	 2	 5
1031.1	 1	 4
1031.2	 2	 5
1031.3	 1	 4
1031.5	 0	 4
1057.4	 1	 5
1057.6	 2	 5
1057.8	 3	 5
1058.0	 4	 5
1058.2	 5	 5
1058.4	 6	 5
1058.6	 7	 5
1063.8	 8	 5
1064.4	 9	 5
1067.4	 10	 5
1070.0	 11	 5
1082.3	 10	 4
1082.5	 9	 4
1082.7	 8	 4
1082.9	 7	 4
1083.1	 6	 4
1083.3	 5	 4
1083.5	 4	 4
1083.7	 3	 4
1083.9	 2	 4
1084.1	 1	 4
1084.3	 0	 4
1090.9	 1	 5
1091.2	 0	 4
1100.0	 1	 5
1100.2	 2	 5
1100.3	 1	 4
1100.4	 2	 5
1100.5	 1	 4
1100.6	 2	 5
1100.7	 1	 4
1100.9	 0	 4
1101.2	 1	 5
1101.4	 2	 5
1101.5	 1	 4
1101.6	 2	 5
1101.7	 1	 4
1101.8	 2	 5
1101.9	 1	 4
1102.0	 2	 5
1102.1	 1	 4
1102.2	 2	 5
1102.3	 1	 4
1102.5	 0	 4
1109.7	 1	 5
1110.0	 0	 4
1127.6	 1	 5
1127.8	 2	 5
1127.9	 1	 4
1128.0	 2	 5
1128.1	 1	 4
1128.2	 2	 5
1128.3	 1	 4
1128.4	 2	 5
1128.5	 1	 4
1128.6	 2	 5
1128.7	 1	 4
1128.8	 2	 5
1128.9	 1	 4
1129.0	 2	 5
1129.1	 1	 4
1129.3	 0	 4
1129.3	 1	 5
1129.6	 0	 4
1131.2	 1	 5
1131.5	 0	 4
1133.0	 1	 5
1133.3	 0	 4
1138.3	 1	 5
1138.6	 0	 4
1140.0	 1	 5
1140.3	 0	 4
1148.1	 1	 5
1148.4	 0	 4
1149.4	 1	 5
1149.7	 0	 4
1170.0	 1	 5
1170.2	 2	 5
1170.6	 3	 5
1170.8	 4	 5
1171.0	 5	 5
1171.2	 6	 5
1171.4	 7	 5
1174.7	 8	 5
1174.9	 9	 5
1179.9	 10	 5
1197.8	 11	 5
1198.2	 12	 5
1198.4	 13	 5
1198.6	 14	 5
1198.8	 15	 5
1199.0	 16	 5
