QUE	 (200034, 200033) 
23.2	 1	 5
23.4	 2	 5
23.5	 1	 4
23.6	 2	 5
23.7	 1	 4
23.8	 2	 5
23.9	 1	 4
24.0	 2	 5
24.0	 1	 4
24.2	 2	 5
24.3	 1	 4
24.4	 2	 5
24.5	 1	 4
24.7	 0	 4
26.3	 1	 5
26.6	 0	 4
28.1	 1	 5
28.4	 0	 4
29.8	 1	 5
30.1	 0	 4
30.9	 1	 5
31.2	 0	 4
34.7	 1	 5
35.0	 0	 4
36.5	 1	 5
36.8	 0	 4
37.3	 1	 5
37.5	 2	 5
37.6	 1	 4
37.7	 2	 5
37.8	 1	 4
38.0	 0	 4
38.6	 1	 5
38.9	 0	 4
39.8	 1	 5
40.1	 0	 4
43.2	 1	 5
43.5	 0	 4
43.7	 1	 5
43.9	 2	 5
44.0	 1	 4
44.2	 0	 4
47.0	 1	 5
47.3	 0	 4
47.8	 1	 5
48.0	 2	 5
48.1	 1	 4
48.3	 0	 4
50.7	 1	 5
51.0	 0	 4
57.1	 1	 5
57.4	 0	 4
59.8	 1	 5
60.0	 2	 5
60.1	 1	 4
60.3	 0	 4
66.4	 1	 5
66.7	 0	 4
68.9	 1	 5
69.2	 0	 4
70.4	 1	 5
70.7	 0	 4
71.5	 1	 5
71.8	 0	 4
72.1	 1	 5
72.4	 2	 5
72.4	 1	 4
72.7	 0	 4
74.3	 1	 5
74.6	 0	 4
76.1	 1	 5
76.4	 0	 4
79.7	 1	 5
80.0	 0	 4
81.2	 1	 5
81.4	 2	 5
81.5	 1	 4
81.6	 2	 5
81.7	 1	 4
81.8	 2	 5
81.9	 1	 4
82.0	 2	 5
82.1	 1	 4
82.3	 0	 4
110.4	 1	 5
110.7	 0	 4
126.4	 1	 5
126.7	 0	 4
129.0	 1	 5
129.2	 0	 4
139.5	 1	 5
139.7	 0	 4
143.1	 1	 5
143.2	 2	 5
143.3	 1	 4
143.4	 2	 5
143.5	 1	 4
143.6	 2	 5
143.7	 3	 5
143.7	 2	 4
143.8	 1	 4
143.9	 2	 5
144.0	 1	 4
144.1	 2	 5
144.2	 1	 4
144.2	 2	 5
144.3	 1	 4
144.4	 2	 5
144.5	 1	 4
144.6	 2	 5
144.7	 1	 4
144.7	 2	 5
144.8	 1	 4
144.9	 2	 5
145.0	 1	 4
145.1	 2	 5
145.2	 3	 5
145.2	 2	 4
145.3	 1	 4
145.4	 2	 5
145.5	 1	 4
145.6	 2	 5
145.7	 1	 4
145.7	 2	 5
145.8	 1	 4
145.9	 2	 5
146.0	 1	 4
146.1	 2	 5
146.2	 1	 4
146.2	 2	 5
146.3	 1	 4
146.4	 2	 5
146.5	 1	 4
146.6	 2	 5
146.7	 1	 4
146.8	 0	 4
150.1	 1	 5
150.3	 0	 4
151.6	 1	 5
151.8	 0	 4
153.5	 1	 5
153.7	 0	 4
164.6	 1	 5
164.8	 0	 4
166.1	 1	 5
166.3	 0	 4
166.6	 1	 5
166.8	 0	 4
168.4	 1	 5
168.7	 0	 4
169.4	 1	 5
169.7	 0	 4
173.6	 1	 5
173.8	 0	 4
173.9	 1	 5
174.1	 2	 5
174.2	 1	 4
174.3	 0	 4
174.4	 1	 5
174.7	 0	 4
174.9	 1	 5
175.2	 0	 4
176.2	 1	 5
176.5	 0	 4
177.0	 1	 5
177.2	 0	 4
177.4	 1	 5
177.7	 0	 4
177.7	 1	 5
178.0	 0	 4
188.6	 1	 5
188.8	 0	 4
194.1	 1	 5
194.3	 0	 4
197.2	 1	 5
197.5	 0	 4
198.0	 1	 5
198.2	 0	 4
201.1	 1	 5
201.2	 2	 5
201.3	 1	 4
201.4	 2	 5
201.5	 1	 4
201.6	 2	 5
201.7	 1	 4
201.7	 2	 5
201.8	 1	 4
201.9	 2	 5
202.0	 1	 4
202.2	 0	 4
207.5	 1	 5
207.8	 0	 4
218.6	 1	 5
218.9	 0	 4
262.9	 1	 5
263.2	 0	 4
263.2	 1	 5
263.4	 2	 5
263.5	 1	 4
263.6	 2	 5
263.6	 3	 5
263.7	 2	 4
263.8	 3	 5
263.9	 2	 4
264.0	 1	 4
264.0	 2	 5
264.2	 1	 4
264.2	 2	 5
264.4	 3	 5
264.4	 2	 4
264.5	 1	 4
264.6	 2	 5
264.7	 1	 4
264.8	 2	 5
264.9	 1	 4
265.0	 0	 4
265.0	 1	 5
265.2	 2	 5
265.3	 1	 4
265.4	 2	 5
265.5	 1	 4
265.6	 2	 5
265.7	 1	 4
265.8	 2	 5
265.9	 1	 4
265.9	 2	 5
266.0	 1	 4
266.1	 2	 5
266.2	 1	 4
266.3	 2	 5
266.4	 1	 4
266.4	 2	 5
266.5	 1	 4
266.6	 2	 5
266.7	 1	 4
266.8	 2	 5
266.9	 1	 4
266.9	 2	 5
267.0	 1	 4
267.1	 2	 5
267.2	 1	 4
267.3	 2	 5
267.4	 1	 4
267.4	 2	 5
267.5	 1	 4
267.6	 2	 5
267.7	 1	 4
267.9	 0	 4
268.4	 1	 5
268.7	 0	 4
268.9	 1	 5
269.2	 0	 4
269.2	 1	 5
269.5	 0	 4
275.7	 1	 5
276.0	 0	 4
276.4	 1	 5
276.7	 0	 4
279.9	 1	 5
280.2	 0	 4
284.9	 1	 5
285.2	 0	 4
285.6	 1	 5
285.9	 0	 4
286.7	 1	 5
287.0	 0	 4
287.7	 1	 5
288.0	 0	 4
288.9	 1	 5
289.1	 2	 5
289.2	 1	 4
289.4	 2	 5
289.4	 1	 4
289.7	 0	 4
289.9	 1	 5
290.2	 0	 4
291.9	 1	 5
292.2	 0	 4
293.2	 1	 5
293.5	 0	 4
298.2	 1	 5
298.5	 0	 4
298.8	 1	 5
299.0	 0	 4
301.9	 1	 5
302.2	 0	 4
302.9	 1	 5
303.2	 0	 4
306.7	 1	 5
307.0	 0	 4
319.9	 1	 5
320.2	 0	 4
321.2	 1	 5
321.4	 2	 5
321.5	 1	 4
321.6	 2	 5
321.7	 1	 4
321.8	 2	 5
321.9	 1	 4
321.9	 2	 5
322.0	 1	 4
322.2	 0	 4
349.9	 1	 5
350.2	 0	 4
383.2	 1	 5
383.4	 2	 5
383.5	 1	 4
383.6	 2	 5
383.7	 1	 4
383.8	 2	 5
383.9	 1	 4
383.9	 2	 5
384.0	 1	 4
384.1	 2	 5
384.2	 1	 4
384.3	 2	 5
384.4	 1	 4
384.4	 2	 5
384.5	 1	 4
384.6	 2	 5
384.7	 1	 4
384.8	 2	 5
384.9	 1	 4
384.9	 2	 5
385.0	 1	 4
385.1	 2	 5
385.2	 1	 4
385.3	 2	 5
385.4	 1	 4
385.4	 2	 5
385.5	 1	 4
385.6	 2	 5
385.7	 1	 4
385.8	 2	 5
385.9	 1	 4
385.9	 2	 5
386.0	 1	 4
386.1	 2	 5
386.2	 1	 4
386.3	 2	 5
386.4	 1	 4
386.4	 2	 5
386.5	 1	 4
386.6	 2	 5
386.7	 1	 4
386.8	 2	 5
386.9	 1	 4
386.9	 2	 5
387.0	 1	 4
387.1	 2	 5
387.2	 1	 4
387.3	 2	 5
387.4	 1	 4
387.4	 2	 5
387.5	 1	 4
387.6	 2	 5
387.7	 1	 4
387.8	 2	 5
387.9	 1	 4
387.9	 2	 5
388.0	 1	 4
388.2	 0	 4
388.6	 1	 5
388.9	 0	 4
391.1	 1	 5
391.4	 0	 4
391.9	 1	 5
392.2	 0	 4
393.2	 1	 5
393.3	 2	 5
393.5	 1	 4
393.7	 0	 4
394.1	 1	 5
394.4	 0	 4
395.4	 1	 5
395.7	 0	 4
396.7	 1	 5
397.0	 0	 4
401.9	 1	 5
402.2	 0	 4
403.6	 1	 5
403.9	 0	 4
404.8	 1	 5
405.0	 0	 4
405.8	 1	 5
406.0	 0	 4
415.9	 1	 5
416.2	 2	 5
416.2	 1	 4
416.5	 0	 4
422.2	 1	 5
422.5	 0	 4
423.2	 1	 5
423.5	 0	 4
426.7	 1	 5
427.0	 0	 4
429.6	 1	 5
429.9	 0	 4
433.1	 1	 5
433.4	 0	 4
433.4	 1	 5
433.7	 0	 4
433.9	 1	 5
434.2	 0	 4
434.3	 1	 5
434.6	 0	 4
437.0	 1	 5
437.3	 0	 4
437.3	 1	 5
437.5	 2	 5
437.6	 1	 4
437.8	 0	 4
441.2	 1	 5
441.4	 2	 5
441.5	 1	 4
441.6	 2	 5
441.7	 1	 4
441.8	 2	 5
441.9	 1	 4
442.0	 2	 5
442.1	 1	 4
442.2	 2	 5
442.3	 1	 4
442.5	 0	 4
443.5	 1	 5
443.8	 0	 4
467.4	 1	 5
467.7	 0	 4
490.7	 1	 5
491.0	 0	 4
503.2	 1	 5
503.4	 2	 5
503.5	 1	 4
503.6	 2	 5
503.7	 1	 4
503.8	 2	 5
503.9	 1	 4
504.0	 2	 5
504.1	 1	 4
504.2	 2	 5
504.3	 1	 4
504.4	 2	 5
504.5	 1	 4
504.6	 2	 5
504.7	 1	 4
504.8	 2	 5
504.9	 1	 4
505.0	 2	 5
505.1	 1	 4
505.2	 2	 5
505.3	 1	 4
505.4	 2	 5
505.5	 1	 4
505.6	 2	 5
505.7	 1	 4
505.8	 2	 5
505.9	 1	 4
506.0	 2	 5
506.1	 1	 4
506.2	 2	 5
506.3	 1	 4
506.4	 2	 5
506.5	 1	 4
506.6	 2	 5
506.7	 1	 4
506.8	 2	 5
506.9	 1	 4
507.0	 2	 5
507.1	 1	 4
507.2	 2	 5
507.3	 1	 4
507.4	 2	 5
507.5	 1	 4
507.6	 2	 5
507.7	 1	 4
507.8	 2	 5
507.9	 1	 4
508.0	 2	 5
508.1	 1	 4
508.2	 2	 5
508.3	 1	 4
508.4	 2	 5
508.5	 1	 4
508.6	 2	 5
508.7	 1	 4
508.8	 2	 5
508.9	 1	 4
509.0	 2	 5
509.1	 1	 4
509.2	 2	 5
509.3	 1	 4
509.4	 2	 5
509.5	 1	 4
509.6	 2	 5
509.7	 1	 4
509.9	 0	 4
514.4	 1	 5
514.7	 0	 4
514.8	 1	 5
515.1	 0	 4
515.6	 1	 5
515.8	 2	 5
515.9	 1	 4
516.1	 0	 4
521.8	 1	 5
522.1	 0	 4
522.2	 1	 5
522.5	 0	 4
522.7	 1	 5
523.0	 0	 4
524.1	 1	 5
524.4	 0	 4
525.0	 1	 5
525.3	 0	 4
526.8	 1	 5
527.1	 2	 5
527.1	 1	 4
527.4	 0	 4
528.1	 1	 5
528.3	 2	 5
528.4	 1	 4
528.6	 0	 4
529.7	 1	 5
530.0	 0	 4
537.4	 1	 5
537.7	 0	 4
539.6	 1	 5
539.9	 0	 4
541.0	 1	 5
541.3	 0	 4
543.8	 1	 5
544.1	 0	 4
544.9	 1	 5
545.2	 0	 4
546.1	 1	 5
546.4	 0	 4
546.5	 1	 5
546.8	 0	 4
551.4	 1	 5
551.7	 0	 4
555.9	 1	 5
556.2	 0	 4
557.4	 1	 5
557.6	 2	 5
557.7	 1	 4
557.9	 0	 4
558.2	 1	 5
558.5	 0	 4
558.6	 1	 5
558.9	 0	 4
559.9	 1	 5
560.2	 0	 4
561.2	 1	 5
561.4	 2	 5
561.5	 1	 4
561.6	 2	 5
561.7	 1	 4
561.8	 2	 5
561.9	 1	 4
562.0	 2	 5
562.1	 1	 4
562.3	 0	 4
573.0	 1	 5
573.3	 0	 4
575.4	 1	 5
575.7	 0	 4
581.2	 1	 5
581.5	 0	 4
583.9	 1	 5
584.2	 0	 4
623.2	 1	 5
623.4	 2	 5
623.5	 1	 4
623.6	 2	 5
623.7	 1	 4
623.8	 2	 5
623.9	 1	 4
624.0	 2	 5
624.1	 1	 4
624.2	 2	 5
624.3	 1	 4
624.4	 2	 5
624.5	 1	 4
624.6	 2	 5
624.6	 3	 5
624.7	 2	 4
624.8	 3	 5
624.9	 2	 4
625.0	 3	 5
625.1	 2	 4
625.2	 3	 5
625.3	 2	 4
625.4	 3	 5
625.5	 2	 4
625.6	 3	 5
625.7	 2	 4
625.8	 3	 5
625.9	 2	 4
626.0	 3	 5
626.1	 2	 4
626.2	 3	 5
626.3	 2	 4
626.4	 3	 5
626.5	 2	 4
626.6	 3	 5
626.7	 2	 4
626.8	 3	 5
626.9	 2	 4
627.0	 3	 5
627.1	 2	 4
627.2	 3	 5
627.3	 2	 4
627.4	 3	 5
627.5	 2	 4
627.6	 3	 5
627.7	 2	 4
627.8	 3	 5
627.9	 2	 4
628.0	 3	 5
628.1	 2	 4
628.2	 3	 5
628.3	 2	 4
628.4	 3	 5
628.5	 2	 4
628.6	 3	 5
628.7	 2	 4
628.8	 3	 5
628.9	 2	 4
629.0	 3	 5
629.1	 2	 4
629.2	 3	 5
629.3	 2	 4
629.4	 3	 5
629.5	 2	 4
629.6	 3	 5
629.7	 2	 4
629.8	 3	 5
629.9	 2	 4
630.0	 3	 5
630.1	 2	 4
630.2	 3	 5
630.3	 2	 4
630.4	 3	 5
630.5	 2	 4
630.6	 3	 5
630.7	 2	 4
630.9	 1	 4
631.1	 0	 4
633.4	 1	 5
633.7	 0	 4
640.1	 1	 5
640.4	 0	 4
640.5	 1	 5
640.8	 0	 4
642.0	 1	 5
642.3	 0	 4
643.7	 1	 5
644.0	 0	 4
645.5	 1	 5
645.8	 0	 4
646.6	 1	 5
646.9	 0	 4
652.3	 1	 5
652.6	 0	 4
653.0	 1	 5
653.2	 2	 5
653.3	 1	 4
653.5	 0	 4
653.8	 1	 5
654.1	 0	 4
654.4	 1	 5
654.7	 0	 4
655.4	 1	 5
655.7	 0	 4
657.5	 1	 5
657.8	 0	 4
658.4	 1	 5
658.7	 0	 4
660.0	 1	 5
660.3	 0	 4
662.8	 1	 5
663.1	 0	 4
671.3	 1	 5
671.5	 2	 5
671.6	 1	 4
671.8	 0	 4
672.6	 1	 5
672.9	 0	 4
677.2	 1	 5
677.5	 0	 4
677.5	 1	 5
677.7	 2	 5
677.8	 1	 4
678.0	 0	 4
678.5	 1	 5
678.8	 0	 4
681.2	 1	 5
681.4	 2	 5
681.5	 1	 4
681.6	 2	 5
681.7	 1	 4
681.9	 0	 4
688.6	 1	 5
688.9	 0	 4
718.2	 1	 5
718.5	 0	 4
743.2	 1	 5
743.4	 2	 5
743.5	 1	 4
743.6	 2	 5
743.7	 1	 4
743.8	 2	 5
743.9	 1	 4
744.0	 2	 5
744.1	 1	 4
744.2	 2	 5
744.3	 1	 4
744.4	 2	 5
744.5	 1	 4
744.6	 2	 5
744.7	 1	 4
744.8	 2	 5
744.9	 1	 4
745.0	 2	 5
745.1	 1	 4
745.2	 2	 5
745.3	 1	 4
745.4	 2	 5
745.5	 1	 4
745.6	 2	 5
745.7	 1	 4
745.8	 2	 5
745.9	 1	 4
746.0	 2	 5
746.1	 1	 4
746.2	 2	 5
746.3	 1	 4
746.4	 2	 5
746.5	 1	 4
746.6	 2	 5
746.7	 1	 4
746.8	 2	 5
746.9	 1	 4
747.0	 2	 5
747.1	 1	 4
747.2	 2	 5
747.3	 1	 4
747.4	 2	 5
747.5	 1	 4
747.6	 2	 5
747.7	 1	 4
747.8	 2	 5
747.9	 1	 4
748.0	 2	 5
748.1	 1	 4
748.2	 2	 5
748.3	 1	 4
748.4	 2	 5
748.5	 1	 4
748.6	 2	 5
748.7	 1	 4
748.8	 2	 5
748.9	 1	 4
749.0	 2	 5
749.1	 1	 4
749.2	 2	 5
749.3	 1	 4
749.4	 2	 5
749.5	 1	 4
749.6	 2	 5
749.7	 1	 4
749.8	 2	 5
749.9	 1	 4
750.0	 2	 5
750.1	 1	 4
750.3	 0	 4
754.9	 1	 5
755.2	 0	 4
763.6	 1	 5
763.9	 0	 4
764.1	 1	 5
764.4	 0	 4
768.3	 1	 5
768.6	 0	 4
771.3	 1	 5
771.6	 0	 4
772.6	 1	 5
772.9	 0	 4
776.8	 1	 5
777.1	 0	 4
777.4	 1	 5
777.7	 0	 4
779.1	 1	 5
779.4	 0	 4
779.7	 1	 5
780.0	 0	 4
781.6	 1	 5
781.9	 0	 4
783.3	 1	 5
783.6	 0	 4
784.9	 1	 5
785.2	 0	 4
785.5	 1	 5
785.8	 0	 4
788.2	 1	 5
788.5	 0	 4
788.8	 1	 5
789.1	 0	 4
789.4	 1	 5
789.7	 2	 5
789.7	 1	 4
790.0	 0	 4
791.9	 1	 5
792.2	 0	 4
793.3	 1	 5
793.5	 2	 5
793.6	 1	 4
793.8	 0	 4
794.0	 1	 5
794.3	 0	 4
796.4	 1	 5
796.7	 0	 4
797.1	 1	 5
797.4	 0	 4
799.1	 1	 5
799.3	 2	 5
799.4	 1	 4
799.6	 0	 4
801.2	 1	 5
801.4	 2	 5
801.5	 1	 4
801.6	 2	 5
801.7	 1	 4
801.9	 0	 4
813.6	 1	 5
813.9	 0	 4
840.6	 1	 5
840.9	 0	 4
863.2	 1	 5
863.4	 2	 5
863.5	 1	 4
863.6	 2	 5
863.7	 1	 4
863.8	 2	 5
863.9	 1	 4
864.0	 2	 5
864.1	 1	 4
864.2	 2	 5
864.3	 1	 4
864.4	 2	 5
864.5	 1	 4
864.6	 2	 5
864.7	 1	 4
864.8	 2	 5
864.9	 1	 4
865.0	 2	 5
865.1	 1	 4
865.2	 2	 5
865.3	 1	 4
865.4	 2	 5
865.5	 1	 4
865.6	 2	 5
865.7	 1	 4
865.8	 2	 5
865.9	 1	 4
866.0	 2	 5
866.1	 1	 4
866.2	 2	 5
866.2	 3	 5
866.3	 2	 4
866.4	 3	 5
866.5	 2	 4
866.6	 3	 5
866.7	 2	 4
866.8	 3	 5
866.9	 2	 4
867.0	 3	 5
867.1	 2	 4
867.2	 3	 5
867.3	 2	 4
867.4	 3	 5
867.5	 2	 4
867.6	 3	 5
867.7	 2	 4
867.8	 3	 5
867.9	 2	 4
868.0	 3	 5
868.1	 2	 4
868.2	 3	 5
868.3	 2	 4
868.4	 3	 5
868.5	 2	 4
868.6	 3	 5
868.7	 2	 4
868.8	 3	 5
868.9	 2	 4
869.0	 3	 5
869.1	 2	 4
869.2	 3	 5
869.3	 2	 4
869.4	 3	 5
869.5	 2	 4
869.6	 3	 5
869.7	 2	 4
869.8	 3	 5
869.9	 2	 4
870.0	 3	 5
870.1	 2	 4
870.2	 3	 5
870.3	 2	 4
870.4	 3	 5
870.5	 2	 4
870.6	 3	 5
870.7	 2	 4
870.8	 3	 5
870.9	 2	 4
871.1	 1	 4
871.3	 0	 4
872.1	 1	 5
872.4	 0	 4
872.5	 1	 5
872.8	 0	 4
874.5	 1	 5
874.8	 0	 4
878.3	 1	 5
878.6	 0	 4
880.3	 1	 5
880.6	 0	 4
885.2	 1	 5
885.5	 0	 4
886.2	 1	 5
886.5	 0	 4
886.7	 1	 5
887.0	 0	 4
887.4	 1	 5
887.7	 0	 4
889.2	 1	 5
889.5	 0	 4
891.6	 1	 5
891.9	 0	 4
893.6	 1	 5
893.9	 0	 4
895.9	 1	 5
896.2	 0	 4
901.3	 1	 5
901.6	 0	 4
901.7	 1	 5
902.0	 0	 4
902.0	 1	 5
902.2	 2	 5
902.3	 1	 4
902.4	 2	 5
902.5	 1	 4
902.7	 0	 4
902.9	 1	 5
903.2	 0	 4
903.7	 1	 5
904.0	 0	 4
908.6	 1	 5
908.9	 0	 4
910.6	 1	 5
910.9	 0	 4
911.3	 1	 5
911.6	 0	 4
913.3	 1	 5
913.6	 0	 4
913.8	 1	 5
914.1	 0	 4
915.6	 1	 5
915.9	 0	 4
916.1	 1	 5
916.4	 0	 4
917.9	 1	 5
918.2	 0	 4
918.9	 1	 5
919.2	 0	 4
921.2	 1	 5
921.4	 2	 5
921.5	 1	 4
921.6	 2	 5
921.7	 1	 4
921.8	 2	 5
921.9	 1	 4
922.0	 2	 5
922.1	 1	 4
922.2	 2	 5
922.3	 1	 4
922.5	 0	 4
926.6	 1	 5
926.9	 0	 4
975.0	 1	 5
975.3	 0	 4
980.3	 1	 5
980.6	 0	 4
983.2	 1	 5
983.4	 2	 5
983.5	 1	 4
983.6	 2	 5
983.7	 1	 4
983.8	 2	 5
983.9	 1	 4
984.0	 2	 5
984.1	 1	 4
984.2	 2	 5
984.3	 1	 4
984.4	 2	 5
984.5	 1	 4
984.6	 2	 5
984.7	 1	 4
984.8	 2	 5
984.9	 1	 4
985.0	 2	 5
985.1	 1	 4
985.2	 2	 5
985.3	 1	 4
985.4	 2	 5
985.5	 1	 4
985.6	 2	 5
985.7	 1	 4
985.8	 2	 5
985.9	 1	 4
986.0	 2	 5
986.1	 1	 4
986.2	 2	 5
986.3	 1	 4
986.4	 2	 5
986.5	 1	 4
986.6	 2	 5
986.7	 1	 4
986.8	 2	 5
986.9	 1	 4
987.0	 2	 5
987.1	 1	 4
987.2	 2	 5
987.3	 1	 4
987.4	 2	 5
987.5	 1	 4
987.6	 2	 5
987.7	 1	 4
987.8	 2	 5
987.9	 1	 4
988.0	 2	 5
988.1	 1	 4
988.2	 2	 5
988.3	 1	 4
988.4	 2	 5
988.5	 1	 4
988.6	 2	 5
988.7	 1	 4
988.8	 2	 5
988.9	 1	 4
989.0	 2	 5
989.1	 1	 4
989.2	 2	 5
989.3	 1	 4
989.4	 2	 5
989.5	 1	 4
989.6	 2	 5
989.7	 1	 4
989.8	 2	 5
989.9	 1	 4
990.0	 2	 5
990.1	 1	 4
990.2	 2	 5
990.3	 1	 4
990.4	 2	 5
990.5	 1	 4
990.6	 2	 5
990.7	 1	 4
990.8	 2	 5
990.9	 1	 4
991.0	 2	 5
991.1	 1	 4
991.3	 0	 4
991.7	 1	 5
992.0	 0	 4
995.5	 1	 5
995.8	 0	 4
997.1	 1	 5
997.4	 0	 4
997.9	 1	 5
998.2	 0	 4
998.7	 1	 5
999.0	 0	 4
1001.1	 1	 5
1001.4	 0	 4
1003.4	 1	 5
1003.7	 0	 4
1004.7	 1	 5
1004.9	 2	 5
1005.0	 1	 4
1005.2	 0	 4
1005.2	 1	 5
1005.5	 2	 5
1005.5	 1	 4
1005.8	 0	 4
1007.0	 1	 5
1007.3	 0	 4
1008.7	 1	 5
1009.0	 0	 4
1012.2	 1	 5
1012.4	 2	 5
1012.5	 1	 4
1012.7	 0	 4
1015.0	 1	 5
1015.2	 2	 5
1015.3	 1	 4
1015.5	 0	 4
1019.2	 1	 5
1019.5	 0	 4
1020.7	 1	 5
1021.0	 0	 4
1021.1	 1	 5
1021.4	 0	 4
1022.4	 1	 5
1022.7	 0	 4
1024.1	 1	 5
1024.3	 2	 5
1024.4	 1	 4
1024.6	 0	 4
1029.9	 1	 5
1030.2	 0	 4
1032.6	 1	 5
1032.8	 2	 5
1032.9	 1	 4
1033.1	 0	 4
1033.8	 1	 5
1034.1	 0	 4
1035.6	 1	 5
1035.9	 0	 4
1037.5	 1	 5
1037.8	 0	 4
1040.0	 1	 5
1040.3	 0	 4
1041.2	 1	 5
1041.4	 2	 5
1041.5	 1	 4
1041.6	 2	 5
1041.7	 1	 4
1041.8	 2	 5
1041.9	 1	 4
1042.0	 2	 5
1042.1	 1	 4
1042.2	 2	 5
1042.3	 1	 4
1042.4	 2	 5
1042.5	 1	 4
1042.6	 2	 5
1042.7	 1	 4
1042.9	 0	 4
1050.6	 1	 5
1050.9	 0	 4
1054.0	 1	 5
1054.3	 0	 4
1088.0	 1	 5
1088.3	 0	 4
1095.8	 1	 5
1096.1	 0	 4
1103.2	 1	 5
1103.4	 2	 5
1103.5	 1	 4
1103.6	 2	 5
1103.7	 1	 4
1103.8	 2	 5
1103.9	 1	 4
1104.0	 2	 5
1104.1	 1	 4
1104.2	 2	 5
1104.3	 1	 4
1104.4	 2	 5
1104.5	 1	 4
1104.6	 2	 5
1104.7	 1	 4
1104.8	 2	 5
1104.9	 1	 4
1105.0	 2	 5
1105.1	 1	 4
1105.2	 2	 5
1105.3	 1	 4
1105.4	 2	 5
1105.5	 1	 4
1105.6	 2	 5
1105.7	 1	 4
1105.8	 2	 5
1105.9	 1	 4
1106.0	 2	 5
1106.1	 1	 4
1106.2	 2	 5
1106.3	 1	 4
1106.4	 2	 5
1106.5	 1	 4
1106.6	 2	 5
1106.7	 1	 4
1106.8	 2	 5
1106.9	 1	 4
1107.0	 2	 5
1107.1	 1	 4
1107.2	 2	 5
1107.3	 1	 4
1107.4	 2	 5
1107.5	 1	 4
1107.6	 2	 5
1107.7	 1	 4
1107.8	 2	 5
1107.9	 1	 4
1108.0	 2	 5
1108.1	 1	 4
1108.2	 2	 5
1108.3	 1	 4
1108.4	 2	 5
1108.5	 1	 4
1108.6	 2	 5
1108.7	 1	 4
1108.8	 2	 5
1108.9	 1	 4
1109.0	 2	 5
1109.1	 1	 4
1109.2	 2	 5
1109.3	 1	 4
1109.4	 2	 5
1109.5	 1	 4
1109.6	 2	 5
1109.7	 1	 4
1109.9	 0	 4
1111.3	 1	 5
1111.6	 0	 4
1114.6	 1	 5
1114.8	 2	 5
1114.9	 1	 4
1115.1	 2	 5
1115.1	 1	 4
1115.4	 0	 4
1116.3	 1	 5
1116.6	 0	 4
1117.5	 1	 5
1117.8	 0	 4
1118.1	 1	 5
1118.4	 0	 4
1121.4	 1	 5
1121.7	 0	 4
1121.9	 1	 5
1122.2	 0	 4
1123.0	 1	 5
1123.2	 2	 5
1123.3	 1	 4
1123.4	 2	 5
1123.5	 1	 4
1123.7	 0	 4
1131.3	 1	 5
1131.5	 2	 5
1131.6	 1	 4
1131.8	 0	 4
1132.2	 1	 5
1132.5	 0	 4
1133.9	 1	 5
1134.2	 0	 4
1136.4	 1	 5
1136.7	 0	 4
1136.8	 1	 5
1137.1	 0	 4
1137.3	 1	 5
1137.6	 0	 4
1138.0	 1	 5
1138.3	 0	 4
1140.9	 1	 5
1141.2	 0	 4
1141.3	 1	 5
1141.6	 0	 4
1142.6	 1	 5
1142.9	 2	 5
1142.9	 1	 4
1143.2	 0	 4
1143.9	 1	 5
1144.2	 0	 4
1144.7	 1	 5
1145.0	 0	 4
1147.8	 1	 5
1148.0	 2	 5
1148.1	 1	 4
1148.3	 0	 4
1150.8	 1	 5
1151.1	 0	 4
1153.8	 1	 5
1154.1	 0	 4
1158.8	 1	 5
1159.1	 0	 4
1159.3	 1	 5
1159.6	 0	 4
1161.2	 1	 5
1161.4	 2	 5
1161.5	 1	 4
1161.6	 2	 5
1161.7	 1	 4
1161.9	 0	 4
1162.3	 1	 5
1162.6	 0	 4
1193.8	 1	 5
1194.1	 0	 4
