 id node (1st cllm), stage actuation duration idle time L (next colms),  cycle duration T  (last col)	 
1	 28.00	2	 28.00	2	60.00	 
2	 28.00	2	 28.00	2	60.00	 
3   	 28.00	2	 28.00	2	60.00	 
4	 28.00	2	 28.00	2	60.00	 
5	 28.00	2	 28.00	2	60.00	 
6	 28.00	2	 28.00	2	60.00	 
7	 28.00	2	 28.00	2	60.00	 
8	 28.00	2	 28.00	2	60.00	 
9 	 28.00	2	 28.00	2	60.00	 
10	 28.00	2	 28.00	2	60.00	 
11	 28.00	2	 28.00	2	60.00	 
12	 28.00	2	 28.00	2	60.00	 
13	 28.00	2	 28.00	2	60.00
14	 28.00	2	 28.00	2	60.00	
15	 28.00	2	 28.00	2	60.00