 id node (1st cllm), stage actuation duration idle time L (next colms),  cycle duration T  (last col)	 
1	 6.5	0.5	 6.5	0.5	 6.5	0.5	 6.5	0.5	 6.5	0.5	 6.5	0.5	 6.5	0.5	 6.5	0.5	 60.00	 
2	 6.5	0.5	 6.5	0.5	 6.5	0.5	 6.5	0.5	 6.5	0.5	 6.5	0.5	 6.5	0.5	 6.5	0.5	 60.00	 
3	 6.5	0.5	 6.5	0.5	 6.5	0.5	 6.5	0.5	 6.5	0.5	 6.5	0.5	 6.5	0.5	 6.5	0.5	 60.00	 
4	 6.5	0.5	 6.5	0.5	 6.5	0.5	 6.5	0.5	 6.5	0.5	 6.5	0.5	 6.5	0.5	 6.5	0.5	 60.00	 
5	 6.5	0.5	 6.5	0.5	 6.5	0.5	 6.5	0.5	 6.5	0.5	 6.5	0.5	 6.5	0.5	 6.5	0.5	 60.00	 
6	 6.5	0.5	 6.5	0.5	 6.5	0.5	 6.5	0.5	 6.5	0.5	 6.5	0.5	 6.5	0.5	 6.5	0.5	 60.00	 
7	 6.5	0.5	 6.5	0.5	 6.5	0.5	 6.5	0.5	 6.5	0.5	 6.5	0.5	 6.5	0.5	 6.5	0.5	 60.00	 
8	 6.5	0.5	 6.5	0.5	 6.5	0.5	 6.5	0.5	 6.5	0.5	 6.5	0.5	 6.5	0.5	 6.5	0.5	 60.00	 
9	 6.5	0.5	 6.5	0.5	 6.5	0.5	 6.5	0.5	 6.5	0.5	 6.5	0.5	 6.5	0.5	 6.5	0.5	 60.00	 
10	 6.5	0.5	 6.5	0.5	 6.5	0.5	 6.5	0.5	 6.5	0.5	 6.5	0.5	 6.5	0.5	 6.5	0.5	 60.00	 
11	 6.5	0.5	 6.5	0.5	 6.5	0.5	 6.5	0.5	 6.5	0.5	 6.5	0.5	 6.5	0.5	 6.5	0.5	 60.00	 
12	 6.5	0.5	 6.5	0.5	 6.5	0.5	 6.5	0.5	 6.5	0.5	 6.5	0.5	 6.5	0.5	 6.5	0.5	 60.00	 
13	 6.5	0.5	 6.5	0.5	 6.5	0.5	 6.5	0.5	 6.5	0.5	 6.5	0.5	 6.5	0.5	 6.5	0.5	 60.00
14	 6.5	0.5	 6.5	0.5	 6.5	0.5	 6.5	0.5	 6.5	0.5	 6.5	0.5	 6.5	0.5	 6.5	0.5	 60.00
15	 6.5	0.5	 6.5	0.5	 6.5	0.5	 6.5	0.5	 6.5	0.5	 6.5	0.5	 6.5	0.5	 6.5	0.5	 60.00	 
