 id node (1st cllm), stage actuation duration idle time L (next colms),  cycle duration T  (last col)	 
1 8.67	 0.66	 8.67	 0.66	 8.67	 0.66	 8.67	 0.66	 8.67	 0.66	 8.65	 0.7	 60.00	 
2	 8.67	 0.66	 8.67	 0.66	 8.67	 0.66	 8.67	 0.66	 8.67	 0.66	 8.65	 0.7	 60.00	 
3	 8.67	 0.66	 8.67	 0.66	 8.67	 0.66	 8.67	 0.66	 8.67	 0.66	 8.65	 0.7	 60.00	 
4	 8.67	 0.66	 8.67	 0.66	 8.67	 0.66	 8.67	 0.66	 8.67	 0.66	 8.65	 0.7	 60.00	 
5	 8.67	 0.66	 8.67	 0.66	 8.67	 0.66	 8.67	 0.66	 8.67	 0.66	 8.65	 0.7	 60.00	 
6	 8.67	 0.66	 8.67	 0.66	 8.67	 0.66	 8.67	 0.66	 8.67	 0.66	 8.65	 0.7	 60.00	 
7	 8.67	 0.66	 8.67	 0.66	 8.67	 0.66	 8.67	 0.66	 8.67	 0.66	 8.65	 0.7	 60.00	 
8	 8.67	 0.66	 8.67	 0.66	 8.67	 0.66	 8.67	 0.66	 8.67	 0.66	 8.65	 0.7	 60.00	 
9	 8.67	 0.66	 8.67	 0.66	 8.67	 0.66	 8.67	 0.66	 8.67	 0.66	 8.65	 0.7	 60.00	 
10	 8.67	 0.66	 8.67	 0.66	 8.67	 0.66	 8.67	 0.66	 8.67	 0.66	 8.65	 0.7	 60.00	 
11	 8.67	 0.66	 8.67	 0.66	 8.67	 0.66	 8.67	 0.66	 8.67	 0.66	 8.65	 0.7	 60.00	 
12	 8.67	 0.66	 8.67	 0.66	 8.67	 0.66	 8.67	 0.66	 8.67	 0.66	 8.65	 0.7	 60.00	 
13	 8.67	 0.66	 8.67	 0.66	 8.67	 0.66	 8.67	 0.66	 8.67	 0.66	 8.65	 0.7	 60.00
14	 8.67	 0.66	 8.67	 0.66	 8.67	 0.66	 8.67	 0.66	 8.67	 0.66	 8.65	 0.7	 60.00
15	 8.67	 0.66	 8.67	 0.66	 8.67	 0.66	 8.67	 0.66	 8.67	 0.66	 8.65	 0.7	 60.00