IF QUE TYPE=1 PHASE=RT, OTHERWISE  QUE TYPE=0
708	 831	 -1	 0.042	 0 
708	 2371	 -1	 0.042	 1 
708	 23003	 -1	 0.042	 0 
708	 709	 -1	 0.000	 0 
1497559	 709	 -1	 0.042	 0 
1497559	 2371	 -1	 0.042	 0 
1497559	 23003	 -1	 0.042	 1 
1497559	 831	 -1	 0.000	 0 
2370	 23003	 -1	 0.028	 0 
2370	 831	 -1	 0.028	 1 
2370	 709	 -1	 0.028	 0 
2370	 2371	 -1	 0.000	 0 
23004	 831	 -1	 0.028	 0 
23004	 2371	 -1	 0.028	 0 
23004	 709	 -1	 0.028	 1 
23004	 23003	 -1	 0.000	 0 
23003	 24549	 -1	 0.084	 0 
23003	 23004	 -1	 0.000	 0 
24550	 23004	 -1	 0.084	 1 
24550	 24549	 -1	 0.000	 0 
709	 1206	 -1	 0.028	 0 
709	 732	 -1	 0.028	 0 
709	 1085	 -1	 0.028	 1 
709	 708	 -1	 0.000	 0 
216323	 1085	 -1	 0.070	 0 
216323	 708	 -1	 0.070	 0 
216323	 1206	 -1	 0.070	 1 
216323	 732	 -1	 0.000	 0 
1204	 732	 -1	 0.042	 1 
1204	 708	 -1	 0.042	 0 
1204	 1085	 -1	 0.042	 0 
1204	 1206	 -1	 0.042	 0 
1205	 708	 -1	 0.084	 1 
1205	 732	 -1	 0.084	 0 
1205	 1085	 -1	 0.084	 0 
1205	 1206	 -1	 0.000	 0 
23006	 24550	 -1	 0.042	 0 
23006	 1752109	 -1	 0.042	 1 
23006	 1752108	 -1	 0.042	 0 
23006	 23005	 -1	 0.000	 0 
24549	 1752109	 -1	 0.042	 0 
24549	 23005	 -1	 0.042	 0 
24549	 1752108	 -1	 0.042	 1 
24549	 24550	 -1	 0.000	 1 
1752111	 24550	 -1	 0.042	 1 
1752111	 1752108	 -1	 0.042	 0 
1752111	 23005	 -1	 0.042	 0 
1752111	 1752109	 -1	 0.000	 0 
1752107	 1752109	 -1	 0.028	 0 
1752107	 23005	 -1	 0.028	 1 
1752107	 24550	 -1	 0.028	 0 
1752107	 1752108	 -1	 0.000	 0 
727	 216323	 -1	 0.063	 0 
727	 16462	 -1	 0.063	 1 
727	 728	 -1	 0.000	 0 
732	 216323	 -1	 0.028	 0 
732	 16462	 -1	 0.028	 0 
732	 728	 -1	 0.028	 0 
216305	 728	 1	 0.063	 0 
216305	 216323	 -1	 0.063	 1 
216305	 16462	 -1	 0.000	 0 
216440	 1204	 -1	 0.098	 0 
216440	 20482	 -1	 0.098	 1 
216440	 23006	 -1	 0.098	 0 
216440	 1201	 -1	 0.000	 0 
1085	 1204	 -1	 0.042	 0 
1085	 20482	 -1	 0.042	 0 
1085	 23006	 -1	 0.042	 1 
1085	 1201	 -1	 0.042	 0 
23005	 1201	 -1	 0.053	 1 
23005	 1204	 -1	 0.053	 0 
23005	 20482	 -1	 0.053	 0 
23005	 23006	 -1	 0.053	 0 
20481	 1204	 -1	 0.028	 1 
20481	 23006	 -1	 0.028	 0 
20481	 1201	 -1	 0.028	 0 
20481	 20482	 -1	 0.000	 0 
728	 217793	 -1	 0.042	 0 
728	 734	 -1	 0.042	 0 
728	 16467	 -1	 0.042	 1 
728	 727	 -1	 0.000	 0 
733	 217793	 -1	 0.042	 1 
733	 16467	 -1	 0.042	 0 
733	 727	 -1	 0.042	 0 
733	 734	 -1	 0.000	 0 
16468	 727	 -1	 0.042	 0 
16468	 734	 -1	 0.042	 1 
16468	 217793	 -1	 0.042	 0 
16468	 16467	 -1	 0.000	 0 
217794	 727	 -1	 0.014	 1 
217794	 16467	 -1	 0.014	 0 
217794	 734	 -1	 0.014	 0 
217794	 217793	 -1	 0	 0 
20477	 16468	 -1	 0.042	 1 
20477	 20481	 -1	 0.042	 0 
20477	 20478	 -1	 0.000	 0 
16467	 16468	 -1	 0.028	 0 
16467	 20481	 -1	 0.028	 1 
16467	 20478	 -1	 0.028	 0 
20482	 20478	 -1	 0.063	 0 
20482	 16468	 -1	 0.063	 0 
20482	 20481	 -1	 0.000	 0 
734	 738	 -1	 0.042	 0 
734	 2351	 -1	 0.042	 0 
734	 20471	 -1	 0.042	 1 
734	 733	 -1	 0.000	 0 
737	 20471	 -1	 0.056	 0 
737	 733	 -1	 0.056	 0 
737	 2351	 -1	 0.056	 1 
737	 738	 -1	 0.000	 0 
2350	 738	 -1	 0.042	 0 
2350	 733	 -1	 0.042	 1 
2350	 20471	 -1	 0.042	 0 
2350	 2351	 -1	 0.000	 0 
20472	 733	 -1	 0.028	 0 
20472	 738	 -1	 0.028	 1 
20472	 2351	 -1	 0.028	 0 
20472	 20471	 -1	 0.000	 0 
20471	 20477	 -1	 0.014	 1 
20471	 24565	 -1	 0.014	 0 
20471	 217802	 -1	 0.014	 0 
20471	 20472	 -1	 0.000	 0 
20478	 20472	 -1	 0.042	 0 
20478	 24565	 -1	 0.042	 0 
20478	 217802	 -1	 0.042	 1 
20478	 20477	 -1	 0.000	 0 
24564	 20472	 -1	 0.042	 1 
24564	 20477	 -1	 0.042	 0 
24564	 217802	 -1	 0.042	 0 
24564	 24565	 -1	 0.000	 0 
217801	 20472	 -1	 0.028	 0 
217801	 20477	 -1	 0.028	 0 
217801	 24565	 -1	 0.028	 1 
217801	 217802	 -1	 0.000	 0 
24562	 24564	 -1	 0.084	 0 
24562	 24563	 -1	 0.000	 0 
24565	 24563	 -1	 0.126	 0 
24565	 24564	 -1	 0.000	 0 
20475	 24562	 -1	 0.042	 0 
20475	 1721893	 -1	 0.042	 1 
20475	 20476	 -1	 0.000	 0 
24563	 20476	 -1	 0.063	 0 
24563	 1721893	 -1	 0.063	 0 
24563	 24562	 -1	 0.000	 0 
1721892	 20476	 -1	 0.021	 0 
1721892	 24562	 -1	 0.021	 1 
1721892	 1721893	 -1	 0.000	 0 
738	 742	 -1	 0.042	 0 
738	 20475	 -1	 0.042	 1 
738	 737	 -1	 0.042	 0 
741	 737	 -1	 0.084	 0 
741	 20475	 -1	 0.084	 0 
741	 742	 -1	 0.000	 0 
20476	 737	 -1	 0.063	 0 
20476	 742	 -1	 0.063	 1 
20476	 20475	 -1	 0.000	 0 
