1497559	 -1	 37593	 0	  0	 16.8
831	 37593	 -1	 0	 0	 17
2370	-1	  37593	 0	  20	  5.9
2371	37593	  -1	 0	 0	  5.3
708		37605	 37593	437	  175 	19.7
709		37593	 37605	324	  151	14.5
23003	37593	 49394	 353	  71		18
23004	49394	 37593	353	  141	18.1
216305	-1		 37607	 0	  0	  	13.3
16462	37607	 -1	 	 0	  0	 	13.4
216323	37607	 37605	 205	  151	10.5
732		37605	 37607	  200	  113	10.3
728		37607	 37606	 102	   41		5.3
727		37606	 37607	 102	  41		5.3
16467	37606	 48494	 454	  181	20.3
16468	48494	 37606	 461	  184	20.7
20481	48494	 37872	 290	 172	        13
20478	48494	 48492	 480	  191	21.5
20477	48492	 48494	 470	  188	21.1
217794	-1	 	 37606	 0	  0		1.70
217793	37606	 -1	 	 0	 0		1.70
734		37606	 37610	 391	 235		14
733		37610	 37606	395	 237		14.2
24550	49395	 49394	 202	 81		10.4
24549	49394	 49395	 202	 81		10.3
1752111	-1	 	 49395	 0	 0		3
1752109	49395	 -1	 	 0	 0		3
1752107	-1	 	49395	 0	 0		3
1752108	49395	-1	 	 0	 0		3
23005	49395	37872	 216	 176		11.1
23006	37872	49395	 217	 97		11.2
20471	37610	48492	 467	 93		33.5
20472	48492	37610	467	 93		33.5
217802	48492	-1	 	 0	 0		2
217801	-1	        48492	 0	  0		2
24565	48492	49954	 301	 120		12
24564	49954	48492	 297	 119		11.8
1085	37605	37872	 348	170		17.8
1204	37872	37605	 349	311		18
216440	-1	        37872	 0	0		5.2
1201	37872	-1	         0	 0		10.2
20482	37872	48494	286	 114		12.8
20481	48494	37872	 0	 172		13
1205	-1	        37605	 0	 0		9.8
1206	37605      -1	 	 0	 0		9.9
24563	49954      48493	 435	 174		17.3
24562	48493      49954	 433	 173		17.3
20476	48493      37612	 466	 185		18.5
20475	37612      48493	451	 180		18
1721892	-1             48493	 0	0		1.9
1721893	48493      -1	         0	 0		1.9
738		37610      37612	 964	 579		34.6
737		37612      37610	 965	 579		34.6
741		-1             37612	 0	 0		16.1
742		37612       -1	 	 0	 0		16.5
2350	-1           	 37610	 0	  0		8.6
2351	 37610      -1	 	 0	  0		8.5