1497559	 -1	 37593	 0	  0	 16
831	 37593	 -1	 0	 0	 17
2370	-1	  37593	 0	  20	  6
2371	37593	  -1	 0	 0	  5
708		37605	 37593	 0	  175 	20
709		37593	 37605	 0	  151	15
23003	37593	 49394	 0	  71		18
23004	49394	 37593	 0	  141	18
216305	-1		 37607	 0	  0	  	13
16462	37607	 -1	 	 0	  0	 	13
216323	37607	 37605	 0	  151	10
732		37605	 37607	 0	  113	10
728		37607	 37606	 0	   41		5
727		37606	 37607	 0	  41		5
16467	37606	 48494	 0	  181	20
16468	48494	 37606	 0	  184	20
20481	48494	 37872	 0	 172	13
20482	37872	 48494	 0	  114	13
20478	48494	 48492	 0	  191	21
20477	48492	 48494	 0	  188	21
217794	-1	 	 37606	 0	  0		2
217793	37606	 -1	 	 0	 0		2
734		37606	 37610	 0	 235		14
733		37610	 37606	 0	 237		14
24550	49395	 49394	 0	 81		10
24549	49394	 49395	 0	 81		10
1752111	-1	 	 49395	 0	 0		3
1752109	49395	 -1	 	 0	 0		3
1752107	-1	 	49395	 0	 0		3
1752108	49395	-1	 	 0	 0		3
23005	49395	37872	 0	 176		11
23006	37872	49395	 0	 97		12
20471	37610	48492	 0	 93		34
20472	48492	37610	 0	 93		33
217802	48492	-1	 	 0	 0		2
217801	-1	        48492	 0	  0		2
24565	48492	49954	 0	 120		12
24564	49954	48492	 0	 119		12
1085	37605	37872	 0	170		17
1204	37872	37605	 0	311		18
216440	-1	        37872	 0	0		5
1201	37872	-1	         0	 0		10
20482	37872	48494	 0	 114		13
20481	48494	37872	 0	 172		13
1205	-1	        37605	 0	 0		10
1206	37605      -1	 	 0	 0		10
24563	49954      48493	 0	 174		17
24562	48493      49954	 0	 173		17
20476	48493      37612	 0	 185		19
20475	37612      48493	 0	 180		18
1721892	-1             48493	 0	0		2
1721893	48493      -1	         0	 0		2
738		37610      37612	 0	 579		34
737		37612      37610	 0	 579		35
741		-1             37612	 0	 0		17
742		37612       -1	 	 0	 0		17
2350	-1           	 37610	 0	  0		9
2351	 37610      -1	 	 0	  0		9