for each line, 1st column: id inters, next columns phases to actuate	 
37593	23004	831	2370	709	
37593	23004	831	23004	2371	
37593	2370	23003	2370	709	
37593	2370	23003	23004	2371	
37593	1497559	2371	708	23003	
37593	1497559	2371	1497559	709	
37593	708	831	708	23003	
37593	708	831	1497559	709	
49394	23003	24549	
37605	1204	708	1204	1085	1205	732	
37605	1204	708	1204	1085	1204	1206	
37605	1205	1085	1205	732	
37605	1205	1085	1204	1206	
37605	709	1206	216323	1085	
37605	709	1206	709	732	
37605	216323	708	216323	1085	
37605	216323	708	709	732	
49395	1752107	24550	1752111	23005	
49395	1752107	24550	1752107	1752109	
49395	1752111	1752108	1752111	23005	
49395	1752111	1752108	1752107	1752109	
49395	24549	1752109	23006	1752108	
49395	24549	1752109	24549	23005	
49395	23006	24550	23006	1752108	
49395	23006	24550	24549	23005	
37607	216305	728	
37607	732	16462	732	216323	732	728	
37607	727	216323	732	728	
37872	216440	23006	1085	20482	1085	1204	
37872	216440	23006	216440	1204	
37872	1085	1201	1085	20482	1085	1204	
37872	1085	1201	216440	1204	
37872	23005	1204	20481	1201	
37872	23005	1204	23005	20482	23005	23006	
37872	20481	23006	20481	1201	
37872	20481	23006	23005	20482	23005	23006	
37606	16468	727	217794	734	
37606	16468	727	16468	217793	
37606	217794	16467	217794	734	
37606	217794	16467	16468	217793	
37606	728	217793	733	16467	
37606	728	217793	728	734	
37606	733	727	733	16467	
37606	733	727	728	734	
48494	16467	16468	16467	20478	
48494	20482	16468	20482	20478	
48494	20477	20481	20482	20478	
37610	20472	733	2350	738	
37610	20472	733	20472	2351	
37610	2350	20471	2350	738	
37610	2350	20471	20472	2351	
37610	734	2351	737	20471	
37610	734	2351	734	738	
37610	737	733	737	20471	
37610	737	733	734	738	
48492	217801	20477	20471	24565	
48492	217801	20477	217801	20472	
48492	20471	217802	20471	24565	
48492	20471	217802	217801	20472	
48492	20478	20472	24564	217802	
48492	20478	20472	20478	24565	
48492	24564	20477	24564	217802	
48492	24564	20477	20478	24565	
49954	24562	24564	24565	24563	
48493	1721892	20476	
48493	24563	1721893	24563	20476	
48493	20475	24562	24563	20476	
37612	20476	737	
37612	741	737	741	20475	
37612	741	737	738	742	738	737	
